"id","BirthYear","DeathYear","DeathAge","Gender","Island","DeathYear.factor","Group","TimeElapsed"
14,1820,1903,83,"F","StMarys",1903,1,70
15,1815,1904,89,"M","StMarys",1904,1,71
18,1894,1916,22,"M","StMarys",1916,1,83
22,1842,1875,33,"M","StMarys",1875,1,42
26,1868,1868,0,"M","StMarys",1868,1,35
28,1844,1865,21,"M","StMarys",1865,1,32
39,1924,2002,78,"M","StMarys",2002,1,169
43,1896,1946,50,"F","Tresco",1946,1,113
44,1930,1993,63,"M","Tresco",1993,1,160
47,1825,1889,64,"F","StMartins",1889,1,56
48,1873,1955,82,"F","StMarys",1955,1,122
54,1835,1924,89,"F","StMarys",1924,1,91
56,1876,1967,91,"F","StMarys",1967,1,134
57,1841,1912,71,"M","StMarys",1912,1,79
58,1905,2000,95,"M","StMarys",2000,1,167
59,1868,1948,80,"F","StMarys",1948,1,115
62,1876,1902,26,"F","StMarys",1902,1,69
63,1908,1987,79,"F","StMarys",1987,1,154
64,1875,1962,87,"F","StMarys",1962,1,129
66,1839,1926,87,"F","StMarys",1926,1,93
70,1846,1906,60,"F","StMartins",1906,1,73
71,1874,1926,52,"F","StMartins",1926,1,93
74,1890,1917,27,"M","StMartins",1917,1,84
77,1778,1851,73,"M","StMartins",1851,1,18
78,1868,1915,47,"M","StMarys",1915,1,82
82,1833,1911,78,"M","StMartins",1911,1,78
84,1834,1903,69,"M","StMarys",1903,1,70
87,1875,1929,54,"F","StMarys",1929,1,96
88,1866,1947,81,"M","StMarys",1947,1,114
89,1824,1845,21,"M","StAgnes",1845,1,12
90,1903,1982,79,"F","StMarys",1982,1,149
91,1817,1894,77,"F","StMartins",1894,1,61
92,1818,1888,70,NA,"Tresco",1888,1,55
96,1871,1933,62,"F","StMartins",1933,1,100
97,1843,1931,88,"M","StMartins",1931,1,98
98,1882,1884,2,"F","StMartins",1884,1,51
99,1888,1970,82,"F","StMartins",1970,1,137
101,1833,1915,82,"M","StMarys",1915,1,82
102,1820,1897,77,"F","StMarys",1897,1,64
104,1846,1881,35,"M","StMartins",1881,1,48
106,1821,1898,77,"M","StMarys",1898,1,65
108,1886,1916,30,"M","StMartins",1916,1,83
109,1824,1864,40,"F","StMartins",1864,1,31
110,1819,1904,85,"F","StMarys",1904,1,71
112,1850,1914,64,"M","StMartins",1914,1,81
113,1878,1890,12,"M","StMartins",1890,1,57
116,1891,1940,49,"M","StMartins",1940,1,107
118,1823,1905,82,"M","StMartins",1905,1,72
119,1825,1912,87,"M","StMarys",1912,1,79
120,1868,1955,87,"M","StMarys",1955,1,122
122,1800,1867,67,"M","StMarys",1867,1,34
123,1870,1934,64,"F","StMarys",1934,1,101
124,1807,1898,91,"F","StMarys",1898,1,65
129,1886,1954,68,"M","StMarys",1954,1,121
131,1884,1974,90,"F","StMarys",1974,1,141
132,1814,1889,75,"M","StMarys",1889,1,56
135,1799,1876,77,"F","StMarys",1876,1,43
137,1890,1967,77,"F","StMarys",1967,1,134
138,1897,1985,88,"F","StMarys",1985,1,152
140,1893,1965,72,"M","StMarys",1965,1,132
142,1900,1958,58,"M","StMarys",1958,1,125
144,1810,1873,63,"M","StMarys",1873,1,40
146,1858,1881,23,"F","StMarys",1881,1,48
147,1862,1878,16,"M","StMarys",1878,1,45
148,1842,1859,17,"M","StMarys",1859,1,26
149,1765,1857,92,"M","StMarys",1857,1,24
152,1791,1821,30,"M","StMarys",1821,0,0
155,1968,1997,29,"M","StMarys",1997,1,164
159,1809,1888,79,"M","StMarys",1888,1,55
160,1895,1914,19,"M","StMarys",1914,1,81
168,1890,1917,27,"F","StMarys",1917,1,84
172,1859,1898,39,"F","StMarys",1898,1,65
174,1783,1846,63,"M","StMarys",1846,1,13
176,1801,1869,68,"F","StMarys",1869,1,36
180,1792,1832,40,"M","StMarys",1832,0,0
181,1814,1848,34,"M","StMarys",1848,1,15
182,1764,1828,64,"F","StMarys",1828,0,0
183,1823,1886,63,"F","StMarys",1886,1,53
185,1839,1854,15,"F","StMarys",1854,1,21
189,1805,1898,93,"F","StMarys",1898,1,65
191,1860,1905,45,"M","StMarys",1905,1,72
192,1890,1890,0,"M","StMarys",1890,1,57
193,1881,1951,70,"F","StMarys",1951,1,118
197,1876,1963,87,"F","StMarys",1963,1,130
198,1873,1950,77,"F","StMarys",1950,1,117
199,1876,1951,75,"M","StMarys",1951,1,118
200,1873,1893,20,"F","StMarys",1893,1,60
201,1837,1894,57,"F","StMarys",1894,1,61
202,1874,1948,74,"F","StMarys",1948,1,115
203,1825,1905,80,"M","StMarys",1905,1,72
204,1853,1868,15,"M","StMarys",1868,1,35
205,1864,1918,54,"M","StMarys",1918,1,85
206,1863,1910,47,"F","StMarys",1910,1,77
210,1866,1951,85,"F","StMarys",1951,1,118
211,1861,1935,74,"M","StMarys",1935,1,102
212,1908,1993,85,"F","StMarys",1993,1,160
215,1872,1894,22,"F","StMarys",1894,1,61
216,1839,1915,76,"F","StMarys",1915,1,82
217,1864,1915,51,"F","StMarys",1915,1,82
219,1808,1875,67,"M","StMarys",1875,1,42
220,1870,1888,18,"M","StMarys",1888,1,55
221,1835,1870,35,"M","StMarys",1870,1,37
222,1833,1909,76,"M","StMarys",1909,1,76
223,1839,1890,51,"F","StMarys",1890,1,57
224,1837,1890,53,"F","StMarys",1890,1,57
226,1841,1910,69,"M","StMarys",1910,1,77
227,1965,1966,1,"F","Tresco",1966,1,133
228,1853,1892,39,"F","Tresco",1892,1,59
236,1883,1894,11,"M","StMarys",1894,1,61
241,1891,1962,71,"M","StMarys",1962,1,129
243,1900,1973,73,"F","StMarys",1973,1,140
245,1904,1961,57,"M","StMarys",1961,1,128
246,1904,1964,60,"F","StMarys",1964,1,131
247,1879,1953,74,"M","StMarys",1953,1,120
248,1874,1889,15,"F","StMarys",1889,1,56
252,1887,1891,4,"M","StMarys",1891,1,58
253,1850,1892,42,"F","StMarys",1892,1,59
256,1860,1897,37,"F","StMarys",1897,1,64
257,1876,1965,89,"M","StMarys",1965,1,132
258,1877,1965,88,"F","StMarys",1965,1,132
259,1818,1899,81,"F","StMarys",1899,1,66
260,1846,1934,88,"F","StMarys",1934,1,101
265,1831,1907,76,"M","StMarys",1907,1,74
268,1879,1917,38,"M","StMarys",1917,1,84
269,1817,1899,82,"M","StMarys",1899,1,66
270,1840,1903,63,"M","StMarys",1903,1,70
272,1858,1932,74,"M","StMarys",1932,1,99
275,1881,1938,57,"F","StMarys",1938,1,105
282,1890,1969,79,"F","StMarys",1969,1,136
283,1888,1963,75,"M","StMarys",1963,1,130
291,1821,1905,84,"M","StMarys",1905,1,72
293,1845,1866,21,"M","StMarys",1866,1,33
300,1856,1928,72,"M","StMarys",1928,1,95
301,1847,1895,48,"F","StMarys",1895,1,62
302,1833,1916,83,"F","StMarys",1916,1,83
304,1853,1876,23,"F","StMarys",1876,1,43
306,1898,1918,20,"M","StMarys",1918,1,85
308,1844,1902,58,"F","StMarys",1902,1,69
311,1856,1891,35,"F","StMarys",1891,1,58
312,1832,1902,70,"M","StMarys",1902,1,69
313,1901,1950,49,"M","StMarys",1950,1,117
315,1873,1952,79,"F","StMarys",1952,1,119
316,1876,1953,77,"M","StMarys",1953,1,120
317,1901,1947,46,"M","StMarys",1947,1,114
318,1777,1801,24,"M","Tresco",1801,0,0
319,1813,1885,72,"M","StMarys",1885,1,52
321,1913,1961,48,"M","StMartins",1961,1,128
322,1887,1948,61,"F","StMartins",1948,1,115
327,1875,1968,93,"M","StMartins",1968,1,135
332,1877,1952,75,"F","StMartins",1952,1,119
334,1909,1909,0,"F","StMartins",1909,1,76
335,1904,1911,7,"M","StMartins",1911,1,78
337,1909,1980,71,"M","StMarys",1980,1,147
338,1885,1944,59,"M","StMartins",1944,1,111
345,1886,1939,53,"F","StMarys",1939,1,106
347,1897,1982,85,"F","StMarys",1982,1,149
349,1912,1932,20,"M","StMarys",1932,1,99
351,1886,1961,75,"F","StMarys",1961,1,128
353,1852,1881,29,"M","StAgnes",1881,1,48
361,1873,1917,44,"F","StMarys",1917,1,84
364,1898,1898,0,"F","StMartins",1898,1,65
366,1847,1897,50,"M","StMarys",1897,1,64
367,1841,1867,26,"F","StMartins",1867,1,34
369,1890,1973,83,"F","StMarys",1973,1,140
371,1861,1943,82,"F","StMarys",1943,1,110
372,1857,1927,70,"F","StMarys",1927,1,94
375,1914,1943,29,"M","StMarys",1943,1,110
376,1858,1931,73,"M","StMarys",1931,1,98
377,1890,1966,76,"M","StMarys",1966,1,133
378,1877,1943,66,"M","StMarys",1943,1,110
380,1865,1924,59,"M","StMarys",1924,1,91
381,1807,1831,24,"M","StMarys",1831,0,0
383,1945,1968,23,"M","Tresco",1968,1,135
385,1826,1884,58,"F","StMarys",1884,1,51
386,1821,1883,62,"M","StMarys",1883,1,50
388,1883,1956,73,"F","StMarys",1956,1,123
389,1882,1953,71,"M","StMarys",1953,1,120
390,1923,1998,75,"M","StMarys",1998,1,165
396,1889,1974,85,NA,"StMarys",1974,1,141
406,1866,1952,86,"M","Tresco",1952,1,119
407,1871,1943,72,"F","Tresco",1943,1,110
408,1912,1994,82,"F","StMarys",1994,1,161
409,1869,1957,88,"F","StMarys",1957,1,124
410,1900,1965,65,"M","StMarys",1965,1,132
414,1922,1943,21,NA,"StMarys",1943,1,110
417,1822,1885,63,"F","StMarys",1885,1,52
418,1871,1936,65,"F","StMarys",1936,1,103
419,1828,1854,26,"F","StMarys",1854,1,21
420,1877,1917,40,"M","StMarys",1917,1,84
422,1907,1983,76,"F","StMarys",1983,1,150
423,1895,1977,82,"F","Tresco",1977,1,144
424,1888,1961,73,"M","Tresco",1961,1,128
432,1870,1934,64,"M","StMarys",1934,1,101
433,1834,1913,79,"F","StMarys",1913,1,80
434,1896,1917,21,"M","StMarys",1917,1,84
435,1909,1934,25,"M","StMarys",1934,1,101
436,1905,1905,0,"M","Tresco",1905,1,72
438,1815,1867,52,"F","StMarys",1867,1,34
444,1895,1981,86,"M","StMartins",1981,1,148
449,1877,1951,74,"F","StMartins",1951,1,118
451,1869,1942,73,"M","StMartins",1942,1,109
452,1902,1902,0,"M","StMartins",1902,1,69
455,1890,1969,79,"M","StMarys",1969,1,136
470,1937,1993,56,"M","StMartins",1993,1,160
473,1923,1978,55,"M","Tresco",1978,1,145
477,1867,1942,75,"F","StMarys",1942,1,109
478,1826,1889,63,"F","StMarys",1889,1,56
480,1857,1942,85,"M","StMarys",1942,1,109
481,1821,1897,76,"M","StMarys",1897,1,64
482,1849,1934,85,"F","StMarys",1934,1,101
486,1893,1979,86,"F","StMarys",1979,1,146
487,1853,1930,77,"M","StMarys",1930,1,97
491,1906,1974,68,"M","StMartins",1974,1,141
494,1883,1951,68,"F","StMartins",1951,1,118
495,1835,1908,73,"F","StMarys",1908,1,75
496,1878,1920,42,"F","StMarys",1920,1,87
497,1826,1905,79,"M","StMarys",1905,1,72
499,1851,1867,16,"F","StMarys",1867,1,34
500,1903,1927,24,"F","StMarys",1927,1,94
507,1791,1830,39,"F","Tresco",1830,0,0
509,1820,1841,21,"F","StMarys",1841,1,8
518,1782,1861,79,"F","StMarys",1861,1,28
525,1906,1990,84,"M","Tresco",1990,1,157
527,1896,1975,79,"F","StMarys",1975,1,142
529,1917,1980,63,"F","StMarys",1980,1,147
530,1894,1958,64,"M","StMarys",1958,1,125
533,1825,1884,59,"M","StAgnes",1884,1,51
541,1840,1917,77,"F","StMarys",1917,1,84
542,1905,1994,89,"M","StMarys",1994,1,161
543,1874,1939,65,"F","StMarys",1939,1,106
547,1785,1818,33,"F","StAgnes",1818,0,0
548,1835,1841,6,"M","StMarys",1841,1,8
549,1841,1872,31,"M","StAgnes",1872,1,39
550,1777,1863,86,NA,"StAgnes",1863,1,30
551,1862,1939,77,"M","StMarys",1939,1,106
555,1875,1951,76,"M","StMarys",1951,1,118
557,1819,1888,69,"F","Tresco",1888,1,55
559,1838,1859,21,"F","Tresco",1859,1,26
560,1858,1917,59,"M","StMarys",1917,1,84
561,1874,1938,64,"F","StMarys",1938,1,105
563,1817,1900,83,"M","Tresco",1900,1,67
564,1870,1916,46,NA,"StMarys",1916,1,83
567,1853,1855,2,"M","StMarys",1855,1,22
569,1865,1865,0,"F","StMarys",1865,1,32
570,1861,1861,0,"M","StMarys",1861,1,28
576,1831,1866,35,"F","StMarys",1866,1,33
593,1882,1915,33,"F","Tresco",1915,1,82
609,1921,1944,23,"F","Tresco",1944,1,111
610,1882,1969,87,"F","Tresco",1969,1,136
611,1919,1942,23,"M","Tresco",1942,1,109
620,1846,1918,72,"M","Tresco",1918,1,85
631,1825,1830,5,"M","StMarys",1830,0,0
637,1840,1853,13,"F","StMarys",1853,1,20
639,1826,1859,33,"F","StMarys",1859,1,26
644,1807,1849,42,"F","StMarys",1849,1,16
645,1811,1889,78,"F","StMarys",1889,1,56
648,1800,1893,93,"M","StMarys",1893,1,60
651,1773,1824,51,"F","Tresco",1824,0,0
655,1799,1857,58,"F","StMarys",1857,1,24
657,1881,1944,63,"F","StMarys",1944,1,111
658,1929,1994,65,"M","StMarys",1994,1,161
659,1802,1878,76,"F","StMarys",1878,1,45
661,1790,1829,39,"F","StMarys",1829,0,0
662,1784,1862,78,"M","StMarys",1862,1,29
667,1819,1850,31,"M","StMarys",1850,1,17
668,1791,1871,80,"F","StMarys",1871,1,38
671,1884,1965,81,"F","StMarys",1965,1,132
684,1871,1916,45,"F","StMarys",1916,1,83
689,1869,1941,72,"F","StMarys",1941,1,108
697,1858,1937,79,"F","StMarys",1937,1,104
699,1824,1907,83,"M","StMarys",1907,1,74
700,1861,1888,27,"M","StMarys",1888,1,55
704,1860,1918,58,"M","StMarys",1918,1,85
705,1860,1860,0,"M","StMarys",1860,1,27
708,1866,1928,62,"F","StMarys",1928,1,95
709,1868,1872,4,"F","StMarys",1872,1,39
716,1808,1879,71,NA,"StMarys",1879,1,46
717,1891,1957,66,"M","StMarys",1957,1,124
722,1867,1948,81,"M","StMarys",1948,1,115
730,1886,1900,14,"F","Tresco",1900,1,67
733,1901,1901,0,"M","StMartins",1901,1,68
734,1885,1932,47,"M","StMartins",1932,1,99
735,1801,1864,63,"M","Bryher",1864,1,31
736,1804,1896,92,"M","Tresco",1896,1,63
737,1870,1928,58,"F","StMarys",1928,1,95
740,1847,1919,72,"F","StMartins",1919,1,86
741,1823,1903,80,"F","Tresco",1903,1,70
742,1880,1953,73,"F","StMarys",1953,1,120
747,1796,1860,64,"F","Tresco",1860,1,27
749,1845,1885,40,"F","StMarys",1885,1,52
750,1885,1885,0,"F","Tresco",1885,1,52
752,1778,1837,59,"F","Tresco",1837,1,4
753,1817,1887,70,"F","Tresco",1887,1,54
754,1800,1826,26,"F","StMartins",1826,0,0
755,1868,1946,78,"M","StMarys",1946,1,113
763,1824,1907,83,"F","StAgnes",1907,1,74
764,1870,1939,69,"F","StMarys",1939,1,106
766,1845,1926,81,"M","StMarys",1926,1,93
768,1807,1888,81,"M","Tresco",1888,1,55
776,1821,1853,32,"M","Tresco",1853,1,20
779,1844,1923,79,"F","StMarys",1923,1,90
781,1867,1903,36,"F","StMartins",1903,1,70
790,1806,1857,51,"F","Tresco",1857,1,24
796,1811,1892,81,"F","StMarys",1892,1,59
797,1799,1856,57,"F","StMartins",1856,1,23
798,1848,1932,84,"F","StMarys",1932,1,99
801,1828,1907,79,"F","StMartins",1907,1,74
802,1885,1963,78,"M","StMarys",1963,1,130
806,1840,1915,75,"M","Bryher",1915,1,82
807,1815,1887,72,"M","StMartins",1887,1,54
808,1862,1868,6,"M","StMartins",1868,1,35
809,1792,1826,34,"M","StMartins",1826,0,0
810,1825,1913,88,"M","StMartins",1913,1,80
811,1872,1908,36,"M","StMartins",1908,1,75
813,1871,1958,87,"F","StMarys",1958,1,125
819,1851,1938,87,"M","StMartins",1938,1,105
820,1777,1865,88,"M","Tresco",1865,1,32
823,1808,1884,76,"M","Tresco",1884,1,51
825,1876,1916,40,"F","StMartins",1916,1,83
826,1841,1914,73,"F","Bryher",1914,1,81
827,1840,1897,57,"M","StMartins",1897,1,64
831,1766,1854,88,"F","Tresco",1854,1,21
833,1878,1900,22,"M","StMartins",1900,1,67
836,1867,1936,69,NA,"StMarys",1936,1,103
838,1894,1917,23,"M","StMarys",1917,1,84
843,1813,1887,74,"F","StMarys",1887,1,54
846,1861,1908,47,"M","StMarys",1908,1,75
847,1872,1946,74,"M","Tresco",1946,1,113
848,1870,1954,84,"M","StMarys",1954,1,121
849,1830,1901,71,"F","StMarys",1901,1,68
852,1833,1919,86,"M","StMarys",1919,1,86
854,1895,1975,80,"F","StMarys",1975,1,142
859,1930,1983,53,"F","StMarys",1983,1,150
860,1935,1990,55,"M","StAgnes",1990,1,157
861,1921,1990,69,"M","StMartins",1990,1,157
869,1933,1994,61,"M","StMarys",1994,1,161
870,1799,1879,80,"M","StMarys",1879,1,46
872,1865,1951,86,"M","Tresco",1951,1,118
873,1867,1938,71,"F","Tresco",1938,1,105
874,1921,1940,19,"M","Tresco",1940,1,107
876,1911,1975,64,"M","StMarys",1975,1,142
879,1896,1896,0,"F","StMartins",1896,1,63
881,1894,1894,0,"M","StMartins",1894,1,61
883,1878,1899,21,"F","StMartins",1899,1,66
884,1820,1859,39,"M","StMartins",1859,1,26
887,1881,1906,25,"F","StMartins",1906,1,73
890,1846,1850,4,"M","StMartins",1850,1,17
903,1863,1897,34,"F","StMarys",1897,1,64
904,1850,1927,77,"F","StMarys",1927,1,94
906,1830,1894,64,"F","StMarys",1894,1,61
908,1826,1904,78,"M","StMarys",1904,1,71
910,1800,1887,87,"F","StMarys",1887,1,54
911,1853,1932,79,"M","StMarys",1932,1,99
912,1814,1905,91,"M","StMarys",1905,1,72
913,1972,1983,11,"F","StMarys",1983,1,150
914,1968,1983,15,"M","StMarys",1983,1,150
915,1940,1983,43,"F","StMarys",1983,1,150
916,1968,1983,15,"F","StMarys",1983,1,150
917,1970,1983,13,"M","StMarys",1983,1,150
919,1906,1945,39,"M","StMarys",1945,1,112
922,1807,1893,86,"F","StMarys",1893,1,60
928,1827,1827,0,"M","StMarys",1827,0,0
929,1843,1922,79,"F","StMarys",1922,1,89
930,1835,1867,32,"F","StMarys",1867,1,34
932,1840,1919,79,"M","StMarys",1919,1,86
938,1871,1940,69,"M","Tresco",1940,1,107
941,1871,1940,69,"F","Tresco",1940,1,107
943,1793,1875,82,"M","StMarys",1875,1,42
947,1842,1926,84,"F","StMartins",1926,1,93
949,1868,1933,65,"F","StMarys",1933,1,100
952,1870,1870,0,NA,"StMarys",1870,1,37
953,1864,1864,0,NA,"StMarys",1864,1,31
958,1933,1935,2,"F","StMarys",1935,1,102
959,1902,1990,88,"F","StMarys",1990,1,157
961,1823,1887,64,"F","StMartins",1887,1,54
963,1851,1872,21,"M","StMarys",1872,1,39
966,1862,1937,75,"M","StMarys",1937,1,104
967,1901,1985,84,"M","StMarys",1985,1,152
968,1828,1911,83,"M","StMarys",1911,1,78
971,1846,1871,25,"F","StMarys",1871,1,38
973,1763,1850,87,"M","StMartins",1850,1,17
974,1758,1816,58,"M","StMartins",1816,0,0
976,1785,1857,72,"M","StMartins",1857,1,24
985,1881,1906,25,"F","StMartins",1906,1,73
986,1825,1908,83,"F","StMarys",1908,1,75
987,1834,1915,81,"F","StMarys",1915,1,82
988,1866,1942,76,"F","StMarys",1942,1,109
990,1865,1865,0,NA,"StMarys",1865,1,32
992,1900,1968,68,"M","StMarys",1968,1,135
993,1841,1923,82,"F","StMartins",1923,1,90
994,1879,1918,39,"F","StMartins",1918,1,85
1000,1802,1856,54,"F","StMarys",1856,1,23
1001,1816,1894,78,"M","StMartins",1894,1,61
1003,1863,1863,0,NA,"StMarys",1863,1,30
1004,1819,1847,28,"M","StMartins",1847,1,14
1007,1840,1926,86,"M","StMartins",1926,1,93
1008,1868,1946,78,"M","StMartins",1946,1,113
1014,1941,1963,22,"M","StMarys",1963,1,130
1016,1893,1975,82,"F","StMarys",1975,1,142
1018,1799,1893,94,"F","StMarys",1893,1,60
1022,1901,1993,92,"F","StMartins",1993,1,160
1023,1898,1965,67,"M","StMartins",1965,1,132
1025,1869,1917,48,"F","StMartins",1917,1,84
1026,1970,1983,13,"F","StMarys",1983,1,150
1028,1895,1970,75,"M","StMartins",1970,1,137
1030,1902,1968,66,"F","StMartins",1968,1,135
1032,1906,1981,75,"F","StMartins",1981,1,148
1036,1859,1929,70,"M","StMartins",1929,1,96
1037,1897,1973,76,"M","StMartins",1973,1,140
1039,1899,1979,80,"F","StMartins",1979,1,146
1043,1968,1983,15,"M","StMarys",1983,1,150
1044,1936,1983,47,"M","StMarys",1983,1,150
1045,1909,1977,68,"F","StMartins",1977,1,144
1052,1904,1926,22,"M","Tresco",1926,1,93
1056,1915,1985,70,"M","StMarys",1985,1,152
1058,1896,1986,90,"F","StMarys",1986,1,153
1062,1878,1919,41,"M","StMarys",1919,1,86
1064,1905,1978,73,"F","StMarys",1978,1,145
1071,1845,1849,4,"F","StMartins",1849,1,16
1074,1846,1849,3,"F","StMartins",1849,1,16
1076,1890,1893,3,"F","StMarys",1893,1,60
1077,1863,1918,55,"M","StMarys",1918,1,85
1078,1837,1920,83,"F","StMarys",1920,1,87
1079,1888,1957,69,"F","StMarys",1957,1,124
1080,1888,1964,76,"M","StMarys",1964,1,131
1081,1884,1907,23,"M","StMarys",1907,1,74
1082,1891,1926,35,"M","StMarys",1926,1,93
1083,1878,1957,79,"F","StMarys",1957,1,124
1084,1907,1958,51,"F","StMarys",1958,1,125
1085,1898,1957,59,"M","StMarys",1957,1,124
1086,1883,1961,78,"M","StMarys",1961,1,128
1087,1916,1960,44,"F","StMarys",1960,1,127
1088,1835,1911,76,"M","StMarys",1911,1,78
1089,1866,1942,76,"M","StMarys",1942,1,109
1090,1841,1916,75,"F","StMarys",1916,1,83
1091,1861,1896,35,"F","StMarys",1896,1,63
1092,1900,1947,47,"F","StMarys",1947,1,114
1093,1887,1962,75,NA,"StMarys",1962,1,129
1094,1859,1930,71,"M","StMarys",1930,1,97
1095,1870,1939,69,"F","StMarys",1939,1,106
1097,1886,1903,17,"M","StMarys",1903,1,70
1098,1892,1900,8,"F","StMarys",1900,1,67
1103,1924,1944,20,NA,"StMarys",1944,1,111
1111,1839,1857,18,"F","Tresco",1857,1,24
1112,1857,1937,80,"F","StMarys",1937,1,104
1113,1853,1931,78,"F","StMarys",1931,1,98
1114,1856,1934,78,"F","StMarys",1934,1,101
1116,1937,1983,46,"M","StMarys",1983,1,150
1117,1937,1983,46,"F","StMarys",1983,1,150
1119,1844,1875,31,NA,"StMarys",1875,1,42
1124,1856,1900,44,"F","StMarys",1900,1,67
1125,1878,1950,72,"F","StMarys",1950,1,117
1126,1906,1993,87,"F","StMarys",1993,1,160
1127,1840,1889,49,"M","StMarys",1889,1,56
1135,1830,1910,80,"F","StMarys",1910,1,77
1136,1908,1949,41,"F","StMarys",1949,1,116
1137,1855,1936,81,"M","StMarys",1936,1,103
1138,1872,1889,17,"M","StMarys",1889,1,56
1140,1836,1918,82,"F","StMarys",1918,1,85
1141,1835,1907,72,"F","StMarys",1907,1,74
1143,1811,1889,78,"M","StMarys",1889,1,56
1144,1833,1893,60,"F","StMarys",1893,1,60
1147,1874,1881,7,"M","Tresco",1881,1,48
1148,1915,1952,37,"M","StMarys",1952,1,119
1160,1835,1904,69,"M","StMarys",1904,1,71
1164,1821,1845,24,"F","Bryher",1845,1,12
1165,1807,1834,27,"M","StAgnes",1834,1,1
1166,1833,1856,23,"F","StAgnes",1856,1,23
1167,1819,1822,3,"M","StAgnes",1822,0,0
1173,1880,1880,0,"F","StAgnes",1880,1,47
1174,1874,1901,27,"M","Tresco",1901,1,68
1178,1908,1996,88,"F","StAgnes",1996,1,163
1179,1781,1866,85,"M","StAgnes",1866,1,33
1180,1818,1831,13,"M","StAgnes",1831,0,0
1181,1941,1998,57,"M","StAgnes",1998,1,165
1182,1784,1846,62,"F","StAgnes",1846,1,13
1184,1838,1839,1,"F","StMarys",1839,1,6
1185,1844,1844,0,"F","StMarys",1844,1,11
1188,1827,1906,79,"F","StAgnes",1906,1,73
1191,1880,1881,1,"M","StAgnes",1881,1,48
1194,1827,1894,67,"F","StAgnes",1894,1,61
1195,1881,1960,79,"F","StAgnes",1960,1,127
1197,1824,1826,2,"M","StAgnes",1826,0,0
1198,1821,1868,47,"M","StAgnes",1868,1,35
1199,1883,1929,46,"F","StMarys",1929,1,96
1201,1882,1903,21,"M","StAgnes",1903,1,70
1204,1833,1898,65,"F","StAgnes",1898,1,65
1206,1890,1906,16,"F","StAgnes",1906,1,73
1207,1868,1953,85,"F","Bryher",1953,1,120
1208,1923,1992,69,"M","StAgnes",1992,1,159
1210,1921,1992,71,"F","StAgnes",1992,1,159
1211,1828,1845,17,"F","StAgnes",1845,1,12
1212,1848,1915,67,"F","StMarys",1915,1,82
1218,1819,1819,0,"F","StAgnes",1819,0,0
1222,1909,1950,41,"F","StMarys",1950,1,117
1223,1891,1908,17,"F","StAgnes",1908,1,75
1226,1871,1958,87,"F","StMarys",1958,1,125
1233,1798,1884,86,"M","StAgnes",1884,1,51
1235,1910,1932,22,"F","StAgnes",1932,1,99
1237,1831,1872,41,"M","StMarys",1872,1,39
1242,1779,1865,86,"M","StAgnes",1865,1,32
1244,1894,1894,0,"F","StAgnes",1894,1,61
1247,1870,1872,2,"F","StAgnes",1872,1,39
1250,1905,1913,8,"M","StMarys",1913,1,80
1252,1813,1897,84,"M","StMarys",1897,1,64
1258,1871,1871,0,"M","StMarys",1871,1,38
1263,1802,1887,85,"M","StAgnes",1887,1,54
1265,1892,1913,21,"M","StAgnes",1913,1,80
1270,1901,1915,14,"M","StMarys",1915,1,82
1274,1840,1891,51,"M","StAgnes",1891,1,58
1277,1839,1867,28,"M","StMarys",1867,1,34
1278,1848,1919,71,"F","StAgnes",1919,1,86
1279,1920,1944,24,"F","StAgnes",1944,1,111
1285,1816,1872,56,"F","StMarys",1872,1,39
1287,1888,1909,21,"F","StAgnes",1909,1,76
1290,1890,1972,82,"M","StAgnes",1972,1,139
1294,1890,1952,62,"M","StMarys",1952,1,119
1295,1875,1890,15,"M","StAgnes",1890,1,57
1298,1802,1832,30,"M","StAgnes",1832,0,0
1300,1838,1903,65,"M","StAgnes",1903,1,70
1305,1843,1871,28,"F","StMarys",1871,1,38
1306,1815,1896,81,"F","StMarys",1896,1,63
1308,1891,1942,51,"F","StMarys",1942,1,109
1309,1882,1897,15,"F","StAgnes",1897,1,64
1310,1875,1875,0,"F","StMarys",1875,1,42
1312,1873,1954,81,"M","StMarys",1954,1,121
1313,1892,1965,73,"F","StAgnes",1965,1,132
1314,1917,1980,63,"M","StMarys",1980,1,147
1316,1847,1909,62,"F","StAgnes",1909,1,76
1317,1878,1958,80,"F","StMarys",1958,1,125
1320,1979,1979,0,"F","StAgnes",1979,1,146
1322,1838,1838,0,"F","StAgnes",1838,1,5
1325,1822,1842,20,"F","StAgnes",1842,1,9
1326,1765,1845,80,"F","StAgnes",1845,1,12
1327,1817,1904,87,"F","Bryher",1904,1,71
1329,1834,1862,28,"F","StAgnes",1862,1,29
1330,1816,1890,74,"F","StAgnes",1890,1,57
1331,1863,1901,38,"F","StAgnes",1901,1,68
1332,1806,1878,72,"F","Bryher",1878,1,45
1334,1836,1892,56,"F","Tresco",1892,1,59
1335,1799,1879,80,"F","StAgnes",1879,1,46
1337,1842,1842,0,"M","StAgnes",1842,1,9
1338,1762,1820,58,"M","StAgnes",1820,0,0
1339,1774,1855,81,"M","StAgnes",1855,1,22
1340,1832,1915,83,"M","StAgnes",1915,1,82
1344,1901,1901,0,"M","StAgnes",1901,1,68
1348,1815,1902,87,"M","Tresco",1902,1,69
1352,1855,1880,25,"M","StAgnes",1880,1,47
1355,1865,1886,21,"F","StAgnes",1886,1,53
1356,1840,1864,24,"F","StMarys",1864,1,31
1357,1840,1891,51,"F","StAgnes",1891,1,58
1358,1854,1884,30,"F","Tresco",1884,1,51
1359,1880,1903,23,"M","StAgnes",1903,1,70
1361,1859,1945,86,"M","StAgnes",1945,1,112
1366,1826,1912,86,"M","StAgnes",1912,1,79
1367,1844,1904,60,"M","StMarys",1904,1,71
1368,1859,1888,29,"M","Tresco",1888,1,55
1371,1812,1880,68,"F","StAgnes",1880,1,47
1376,1802,1844,42,"M","StMarys",1844,1,11
1382,1864,1892,28,"M","StAgnes",1892,1,59
1385,1821,1895,74,"F","StAgnes",1895,1,62
1387,1831,1862,31,"F","StAgnes",1862,1,29
1392,1820,1888,68,"M","StAgnes",1888,1,55
1393,1864,1885,21,"M","Tresco",1885,1,52
1394,1846,1919,73,"M","StAgnes",1919,1,86
1396,1869,1887,18,"M","Tresco",1887,1,54
1397,1810,1852,42,"M","StMarys",1852,1,19
1398,1800,1842,42,"M","StAgnes",1842,1,9
1399,1835,1866,31,"M","StMarys",1866,1,33
1400,1911,1985,74,"M","StAgnes",1985,1,152
1402,1875,1894,19,"M","StAgnes",1894,1,61
1403,1844,1875,31,"M","StMarys",1875,1,42
1404,1891,1908,17,"M","StAgnes",1908,1,75
1406,1913,1930,17,"M","StAgnes",1930,1,97
1407,1879,1883,4,"F","StMarys",1883,1,50
1409,1857,1935,78,"F","StMarys",1935,1,102
1411,1856,1933,77,"M","StMarys",1933,1,100
1417,1833,1921,88,"F","StMarys",1921,1,88
1423,1811,1852,41,"F","StMarys",1852,1,19
1425,1825,1825,0,"F","StMarys",1825,0,0
1426,1850,1851,1,"F","StMarys",1851,1,18
1427,1842,1884,42,"F","StMarys",1884,1,51
1431,1886,1895,9,"M","StMarys",1895,1,62
1433,1824,1849,25,"F","StMarys",1849,1,16
1439,1838,1919,81,"M","StMarys",1919,1,86
1441,1836,1901,65,"M","StMarys",1901,1,68
1442,1885,1885,0,"M","StMarys",1885,1,52
1443,1830,1858,28,"F","StMarys",1858,1,25
1445,1798,1845,47,"F","StMarys",1845,1,12
1449,1874,1956,82,"F","StMarys",1956,1,123
1458,1896,1958,62,"M","Bryher",1958,1,125
1463,1865,1946,81,"F","StMarys",1946,1,113
1464,1864,1936,72,"M","StMarys",1936,1,103
1467,1808,1831,23,"M","StAgnes",1831,0,0
1472,1836,1888,52,"F","StAgnes",1888,1,55
1476,1824,1895,71,"F","StMarys",1895,1,62
1478,1882,1948,66,"M","StMarys",1948,1,115
1479,1772,1851,79,"F","StMartins",1851,1,18
1483,1834,1887,53,"M","StMarys",1887,1,54
1486,1866,1949,83,"F","StMarys",1949,1,116
1487,1837,1896,59,"F","StMarys",1896,1,63
1489,1817,1849,32,"M","StMarys",1849,1,16
1490,1885,1920,35,NA,"StMarys",1920,1,87
1491,1869,1907,38,"F","Bryher",1907,1,74
1493,1801,1881,80,"M","StMarys",1881,1,48
1494,1850,1854,4,"M","StMarys",1854,1,21
1496,1855,1856,1,"F","StMarys",1856,1,23
1497,1848,1850,2,"F","StMarys",1850,1,17
1499,1853,1920,67,"F","Bryher",1920,1,87
1500,1815,1888,73,"M","StMarys",1888,1,55
1501,1853,1908,55,"F","StMarys",1908,1,75
1502,1873,1953,80,"F","StMarys",1953,1,120
1503,1821,1908,87,"F","Tresco",1908,1,75
1504,1794,1860,66,"F","Tresco",1860,1,27
1505,1855,1944,89,"F","StMarys",1944,1,111
1506,1844,1915,71,"F","Tresco",1915,1,82
1508,1794,1860,66,"M","Tresco",1860,1,27
1509,1833,1907,74,"F","Tresco",1907,1,74
1510,1871,1951,80,"M","StMarys",1951,1,118
1511,1781,1861,80,"M","Tresco",1861,1,28
1512,1805,1877,72,"F","Tresco",1877,1,44
1514,1813,1879,66,"F","Tresco",1879,1,46
1515,1832,1857,25,"F","Tresco",1857,1,24
1518,1840,1889,49,"M","Tresco",1889,1,56
1521,1843,1915,72,"M","Bryher",1915,1,82
1522,1861,1930,69,"M","Bryher",1930,1,97
1523,1896,1896,0,"M","StMarys",1896,1,63
1524,1772,1855,83,"M","Tresco",1855,1,22
1525,1836,1894,58,"M","Tresco",1894,1,61
1527,1841,1903,62,"F","Tresco",1903,1,70
1528,1866,1935,69,"F","Bryher",1935,1,102
1530,1846,1927,81,"M","StMarys",1927,1,94
1531,1864,1940,76,"F","StMarys",1940,1,107
1532,1886,1930,44,"F","Tresco",1930,1,97
1533,1874,1947,73,"F","Tresco",1947,1,114
1534,1842,1898,56,"F","StMarys",1898,1,65
1536,1838,1913,75,"F","StMarys",1913,1,80
1537,1877,1926,49,"M","Bryher",1926,1,93
1538,1829,1906,77,"M","StMarys",1906,1,73
1540,1809,1887,78,"F","StMarys",1887,1,54
1541,1900,1987,87,"F","StMarys",1987,1,154
1543,1818,1894,76,"M","Tresco",1894,1,61
1544,1886,1962,76,"M","Bryher",1962,1,129
1546,1900,1963,63,"M","StMarys",1963,1,130
1548,1920,1991,71,"M","Tresco",1991,1,158
1551,1901,1996,95,NA,"Bryher",1996,1,163
1554,1871,1915,44,"F","StMarys",1915,1,82
1556,1870,1915,45,"M","Bryher",1915,1,82
1557,1901,1960,59,"M","Bryher",1960,1,127
1558,1897,1977,80,"F","Bryher",1977,1,144
1559,1831,1893,62,"F","Bryher",1893,1,60
1560,1883,1958,75,"F","Bryher",1958,1,125
1562,1840,1904,64,"F","Tresco",1904,1,71
1564,1802,1827,25,"F","Tresco",1827,0,0
1568,1855,1930,75,"F","Bryher",1930,1,97
1569,1806,1898,92,"F","StMarys",1898,1,65
1570,1864,1934,70,"F","StMarys",1934,1,101
1571,1873,1948,75,"F","Bryher",1948,1,115
1572,1848,1923,75,"F","Bryher",1923,1,90
1573,1885,1957,72,"F","Tresco",1957,1,124
1574,1814,1891,77,"F","Bryher",1891,1,58
1575,1899,1929,30,"F","StMarys",1929,1,96
1576,1847,1871,24,"F","StMarys",1871,1,38
1578,1885,1967,82,"M","Bryher",1967,1,134
1579,1867,1947,80,"F","Bryher",1947,1,114
1580,1870,1943,73,"F","Tresco",1943,1,110
1581,1878,1935,57,"F","StMarys",1935,1,102
1583,1887,1888,1,"F","Tresco",1888,1,55
1592,1897,1952,55,"M","StMarys",1952,1,119
1593,1790,1861,71,"M","Tresco",1861,1,28
1594,1826,1895,69,"M","Tresco",1895,1,62
1595,1911,1943,32,"M","Bryher",1943,1,110
1606,1823,1867,44,"M","Tresco",1867,1,34
1607,1828,1852,24,"M","StMarys",1852,1,19
1608,1874,1946,72,"M","Bryher",1946,1,113
1609,1876,1957,81,"F","Bryher",1957,1,124
1612,1784,1860,76,"F","Bryher",1860,1,27
1613,1839,1914,75,"F","StMarys",1914,1,81
1615,1882,1959,77,"F","StMarys",1959,1,126
1616,1855,1879,24,"F","StMarys",1879,1,46
1618,1800,1886,86,"M","Tresco",1886,1,53
1621,1827,1864,37,"M","Tresco",1864,1,31
1622,1783,1866,83,"M","Bryher",1866,1,33
1623,1813,1887,74,"M","Bryher",1887,1,54
1625,1834,1892,58,"M","StMarys",1892,1,59
1627,1798,1830,32,"M","StMarys",1830,0,0
1628,1891,1964,73,"M","Tresco",1964,1,131
1629,1843,1922,79,"M","Tresco",1922,1,89
1630,1881,1934,53,"M","StMarys",1934,1,101
1631,1848,1911,63,"M","Bryher",1911,1,78
1633,1906,1922,16,"F","StMarys",1922,1,89
1634,1917,1998,81,NA,"Bryher",1998,1,165
1635,1823,1912,89,"F","StAgnes",1912,1,79
1637,1897,1977,80,"F","Bryher",1977,1,144
1638,1864,1947,83,"F","Bryher",1947,1,114
1640,1866,1884,18,"M","Tresco",1884,1,51
1642,1823,1905,82,"F","Tresco",1905,1,72
1646,1822,1890,68,"F","Bryher",1890,1,57
1647,1817,1897,80,"F","StMarys",1897,1,64
1648,1855,1942,87,"F","Bryher",1942,1,109
1649,1817,1904,87,"F","Bryher",1904,1,71
1650,1891,1958,67,"F","StMarys",1958,1,125
1657,1811,1863,52,"F","Tresco",1863,1,30
1661,1872,1951,79,"F","Bryher",1951,1,118
1662,1876,1951,75,"M","StMarys",1951,1,118
1663,1927,1990,63,"M","Bryher",1990,1,157
1664,1859,1926,67,"M","Bryher",1926,1,93
1665,1840,1889,49,"M","Tresco",1889,1,56
1666,1876,1894,18,"M","Tresco",1894,1,61
1667,1885,1926,41,"F","Bryher",1926,1,93
1668,1905,1983,78,"F","StMarys",1983,1,150
1669,1872,1963,91,"F","StMarys",1963,1,130
1671,1825,1893,68,"F","Tresco",1893,1,60
1672,1851,1892,41,"F","Tresco",1892,1,59
1674,1881,1952,71,"M","Bryher",1952,1,119
1675,1868,1919,51,"M","StMarys",1919,1,86
1677,1821,1916,95,"M","StMarys",1916,1,83
1681,1824,1911,87,"F","Tresco",1911,1,78
1682,1912,1983,71,"M","Bryher",1983,1,150
1685,1871,1911,40,"M","Bryher",1911,1,78
1687,1786,1844,58,"M","Tresco",1844,1,11
1688,1862,1937,75,"M","StMarys",1937,1,104
1690,1833,1849,16,"M","Tresco",1849,1,16
1692,1878,1886,8,"M","StMarys",1886,1,53
1694,1915,1941,26,"F","StMarys",1941,1,108
1696,1796,1876,80,"M","Bryher",1876,1,43
1701,1790,1855,65,"M","StMarys",1855,1,22
1703,1885,1967,82,"F","Bryher",1967,1,134
1706,1826,1909,83,"M","Bryher",1909,1,76
1709,1863,1921,58,"M","StMarys",1921,1,88
1710,1815,1889,74,"M","Bryher",1889,1,56
1712,1862,1947,85,"M","Tresco",1947,1,114
1713,1844,1922,78,"M","Bryher",1922,1,89
1714,1866,1951,85,"M","Bryher",1951,1,118
1715,1860,1929,69,"M","Tresco",1929,1,96
1719,1811,1900,89,"F","StMarys",1900,1,67
1725,1914,1942,28,NA,"StMarys",1942,1,109
1729,1920,1995,75,"M","StAgnes",1995,1,162
1730,1899,1971,72,"F","StAgnes",1971,1,138
1740,1899,1963,64,"F","StMarys",1963,1,130
1741,1937,1942,5,"M","Tresco",1942,1,109
1742,1972,1996,24,"M","Tresco",1996,1,163
1748,1902,1961,59,"M","Tresco",1961,1,128
1749,1924,1944,20,NA,"StMarys",1944,1,111
1751,1903,1991,88,"F","StAgnes",1991,1,158
1753,1845,1920,75,"M","StMarys",1920,1,87
1754,1841,1907,66,"F","StMarys",1907,1,74
1755,1900,1989,89,"F","StMarys",1989,1,156
1761,1860,1929,69,"F","StMarys",1929,1,96
1773,1785,1874,89,"F","Tresco",1874,1,41
1780,1922,1988,66,"M","StMarys",1988,1,155
1781,1909,2000,91,"F","Tresco",2000,1,167
1782,1961,1983,22,"M","StMarys",1983,1,150
1786,1900,1974,74,"F","StMarys",1974,1,141
1788,1904,1958,54,"F","StMarys",1958,1,125
1789,1838,1902,64,"F","StMartins",1902,1,69
1790,1917,1980,63,"F","StMarys",1980,1,147
1793,1884,1960,76,NA,"StMarys",1960,1,127
1794,1891,1950,59,"M","StMarys",1950,1,117
1796,1915,1991,76,"F","StMarys",1991,1,158
1797,1911,1984,73,"M","StMarys",1984,1,151
1799,1899,1988,89,"F","StMarys",1988,1,155
1804,1888,1976,88,"F","StAgnes",1976,1,143
1805,1832,1835,3,"M","StAgnes",1835,1,2
1806,1893,1964,71,"F","StMarys",1964,1,131
1808,1821,1879,58,"F","StMarys",1879,1,46
1809,1857,1895,38,"F","StAgnes",1895,1,62
1810,1857,1928,71,"F","StMarys",1928,1,95
1811,1887,1972,85,"F","StAgnes",1972,1,139
1813,1819,1841,22,"F","StMarys",1841,1,8
1815,1901,1970,69,"F","StMarys",1970,1,137
1816,1902,1949,47,"F","StMarys",1949,1,116
1819,1812,1896,84,"F","StMarys",1896,1,63
1820,1833,1881,48,"F","StMarys",1881,1,48
1824,1856,1857,1,"F","StMarys",1857,1,24
1829,1857,1942,85,"F","StAgnes",1942,1,109
1832,1880,1952,72,"M","StMarys",1952,1,119
1833,1842,1916,74,"F","StMarys",1916,1,83
1834,1948,1968,20,"M","StAgnes",1968,1,135
1835,1885,1974,89,"M","StMarys",1974,1,141
1845,1873,1938,65,"F","StMarys",1938,1,105
1847,1822,1864,42,"M","StMarys",1864,1,31
1849,1870,1941,71,"M","StMarys",1941,1,108
1850,1797,1822,25,"M","StAgnes",1822,0,0
1851,1858,1882,24,"M","StAgnes",1882,1,49
1854,1925,1944,19,"M","StAgnes",1944,1,111
1856,1824,1858,34,"F","StAgnes",1858,1,25
1857,1828,1902,74,"F","StAgnes",1902,1,69
1858,1842,1912,70,"F","StMarys",1912,1,79
1859,1819,1908,89,"F","StMarys",1908,1,75
1861,1888,1976,88,"M","StAgnes",1976,1,143
1862,1860,1875,15,"M","StAgnes",1875,1,42
1863,1787,1838,51,"F","StMarys",1838,1,5
1864,1878,1945,67,"F","StMarys",1945,1,112
1866,1835,1912,77,"F","StMarys",1912,1,79
1870,1819,1890,71,"M","StMarys",1890,1,57
1872,1813,1891,78,"M","StMarys",1891,1,58
1873,1811,1882,71,"M","StMarys",1882,1,49
1878,1842,1905,63,"M","StMarys",1905,1,72
1880,1847,1905,58,"M","StMarys",1905,1,72
1881,1880,1960,80,"M","StMarys",1960,1,127
1883,1864,1879,15,"F","Tresco",1879,1,46
1888,1890,1979,89,"F","StMarys",1979,1,146
1889,1899,1920,21,"M","StMarys",1920,1,87
1890,1893,1959,66,"F","StMarys",1959,1,126
1891,1891,1920,29,"M","StMarys",1920,1,87
1892,1863,1934,71,"M","StMarys",1934,1,101
1893,1890,1963,73,"M","StMarys",1963,1,130
1894,1889,1972,83,"F","StMarys",1972,1,139
1895,1893,1941,48,"F","StMarys",1941,1,108
1896,1894,1970,76,"M","StMarys",1970,1,137
1902,1859,1912,53,NA,"StAgnes",1912,1,79
1903,1816,1850,34,"M","StMartins",1850,1,17
1904,1856,1894,38,"F","StMarys",1894,1,61
1911,1827,1864,37,NA,"StMarys",1864,1,31
1922,1917,1995,78,"F","StMarys",1995,1,162
1923,1910,1996,86,"M","StMarys",1996,1,163
1925,1842,1917,75,"F","StMarys",1917,1,84
1926,1807,1852,45,"M","Tresco",1852,1,19
1927,1890,1968,78,"F","StMarys",1968,1,135
1929,1889,1955,66,"M","StMarys",1955,1,122
1932,1779,1853,74,"F","StMarys",1853,1,20
1933,1774,1834,60,"M","StMarys",1834,1,1
1937,1808,1836,28,"M","StMarys",1836,1,3
1938,1850,1920,70,"F","StMarys",1920,1,87
1939,1918,1997,79,"M","StMarys",1997,1,164
1941,1866,1932,66,"M","StMarys",1932,1,99
1942,1840,1911,71,"M","StMarys",1911,1,78
1943,1835,1924,89,"M","StMarys",1924,1,91
1945,1893,1917,24,"M","StMarys",1917,1,84
1947,1865,1946,81,"F","StMarys",1946,1,113
1948,1863,1865,2,"F","StMarys",1865,1,32
1949,1877,1889,12,"F","StMarys",1889,1,56
1951,1846,1893,47,"M","StMarys",1893,1,60
1952,1846,1907,61,"M","StMarys",1907,1,74
1954,1835,1869,34,"M","StMarys",1869,1,36
1955,1826,1907,81,"F","StMarys",1907,1,74
1956,1825,1906,81,"F","StMarys",1906,1,73
1959,1791,1859,68,"F","StMarys",1859,1,26
1960,1823,1895,72,"F","StMarys",1895,1,62
1962,1821,1897,76,"F","StMarys",1897,1,64
1965,1833,1908,75,"F","StMarys",1908,1,75
1966,1800,1847,47,"F","StMarys",1847,1,14
1967,1866,1866,0,"M","StMarys",1866,1,33
1968,1908,1993,85,"M","StMarys",1993,1,160
1969,1909,1979,70,"F","StMarys",1979,1,146
1970,1831,1874,43,"F","StMarys",1874,1,41
1971,1817,1885,68,"M","StMarys",1885,1,52
1972,1911,1959,48,"M","StMarys",1959,1,126
1981,1838,1865,27,"F","Tresco",1865,1,32
1984,1866,1888,22,"F","StMarys",1888,1,55
1985,1908,1916,8,"M","Tresco",1916,1,83
1987,1826,1894,68,"F","StMarys",1894,1,61
1988,1865,1960,95,"F","Tresco",1960,1,127
1991,1871,1926,55,"M","Tresco",1926,1,93
1993,1875,1904,29,"M","StMarys",1904,1,71
1994,1902,1972,70,"M","Tresco",1972,1,139
1996,1838,1914,76,"F","Tresco",1914,1,81
1997,1832,1912,80,"M","Tresco",1912,1,79
2001,1837,1869,32,"M","StMarys",1869,1,36
2010,1892,1951,59,"M","StMarys",1951,1,118
2011,1785,1815,30,"M","StMarys",1815,0,0
2012,1896,1906,10,"F","StAgnes",1906,1,73
2023,1891,1951,60,"F","StMarys",1951,1,118
2024,1855,1928,73,"M","StMarys",1928,1,95
2027,1861,1935,74,NA,"StMarys",1935,1,102
2029,1835,1891,56,"F","StMarys",1891,1,58
2030,1864,1931,67,"F","StMarys",1931,1,98
2031,1867,1878,11,"M","StMarys",1878,1,45
2032,1817,1893,76,"M","StMarys",1893,1,60
2033,1890,1967,77,"F","StMarys",1967,1,134
2034,1889,1964,75,"M","StMarys",1964,1,131
2036,1833,1900,67,"M","Tresco",1900,1,67
2037,1810,1889,79,"M","StMarys",1889,1,56
2038,1863,1941,78,"F","StMarys",1941,1,108
2042,1846,1920,74,"F","StMarys",1920,1,87
2043,1883,1957,74,"M","StMarys",1957,1,124
2045,1871,1872,1,NA,"StMarys",1872,1,39
2046,1732,1826,94,"F","StMarys",1826,0,0
2047,1834,1860,26,"F","StMarys",1860,1,27
2048,1860,1860,0,"M","StMarys",1860,1,27
2049,1877,1909,32,"M","StMarys",1909,1,76
2051,1823,1875,52,"M","StMarys",1875,1,42
2052,1868,1868,0,"M","StMarys",1868,1,35
2055,1868,1925,57,"F","StMarys",1925,1,92
2056,1899,1940,41,"F","StMarys",1940,1,107
2058,1845,1926,81,"F","StMarys",1926,1,93
2059,1851,1919,68,"F","StMarys",1919,1,86
2062,1787,1857,70,"F","StMarys",1857,1,24
2064,1856,1859,3,"F","StMarys",1859,1,26
2065,1756,1830,74,"F","StMarys",1830,0,0
2067,1880,1968,88,"F","StMarys",1968,1,135
2068,1861,1929,68,"M","StMarys",1929,1,96
2070,1885,1975,90,"F","StMarys",1975,1,142
2071,1907,1960,53,NA,"StMarys",1960,1,127
2075,1829,1917,88,"M","StMarys",1917,1,84
2076,1783,1848,65,"M","StMarys",1848,1,15
2078,1785,1850,65,"F","StMarys",1850,1,17
2079,1871,1877,6,"F","StMarys",1877,1,44
2080,1901,1988,87,"F","StMarys",1988,1,155
2082,1788,1814,26,"F","StMarys",1814,0,0
2084,1828,1890,62,"F","StMarys",1890,1,57
2085,1827,1877,50,"F","StMarys",1877,1,44
2087,1882,1966,84,"F","StMarys",1966,1,133
2093,1803,1886,83,"M","StMarys",1886,1,53
2094,1882,1954,72,"M","StMarys",1954,1,121
2095,1905,1983,78,"F","StMarys",1983,1,150
2099,1849,1935,86,"F","StMarys",1935,1,102
2100,1873,1959,86,"F","StMarys",1959,1,126
2101,1819,1899,80,"M","StMarys",1899,1,66
2103,1750,1834,84,NA,"StMarys",1834,1,1
2109,1853,1895,42,"M","StMarys",1895,1,62
2114,1800,1886,86,"M","StMarys",1886,1,53
2117,1830,1904,74,"M","StMarys",1904,1,71
2119,1833,1880,47,"M","StMarys",1880,1,47
2120,1841,1902,61,"M","StMarys",1902,1,69
2121,1822,1889,67,"M","StMarys",1889,1,56
2122,1871,1932,61,"M","StMarys",1932,1,99
2123,1891,1952,61,"M","StMarys",1952,1,119
2125,1882,1923,41,NA,"StMarys",1923,1,90
2126,1873,1925,52,"F","StMarys",1925,1,92
2127,1850,1931,81,"F","StMarys",1931,1,98
2129,1896,1947,51,"M","StMarys",1947,1,114
2133,1902,1941,39,"M","StMarys",1941,1,108
2137,1869,1927,58,"F","StMarys",1927,1,94
2141,1841,1874,33,"M","StMartins",1874,1,41
2146,1866,1937,71,"M","StMarys",1937,1,104
2155,1829,1897,68,"F","StMartins",1897,1,64
2163,1850,1914,64,"F","StMarys",1914,1,81
2167,1865,1949,84,"F","StMarys",1949,1,116
2168,1813,1817,4,"F","StMartins",1817,0,0
2169,1823,1905,82,"F","Tresco",1905,1,72
2170,1811,1880,69,"F","StMarys",1880,1,47
2173,1822,1870,48,"M","StMartins",1870,1,37
2174,1742,1821,79,"M","StMartins",1821,0,0
2175,1894,1987,93,"F","StMarys",1987,1,154
2176,1867,1884,17,"M","StMartins",1884,1,51
2177,1879,1918,39,"F","StMartins",1918,1,85
2178,1824,1846,22,"M","StMartins",1846,1,13
2180,1836,1852,16,"F","StMartins",1852,1,19
2183,1846,1900,54,"M","StMarys",1900,1,67
2184,1889,1980,91,"F","StMarys",1980,1,147
2188,1829,1883,54,"F","StMarys",1883,1,50
2189,1837,1889,52,"M","StMarys",1889,1,56
2190,1828,1854,26,"F","StMarys",1854,1,21
2191,1800,1879,79,"M","StMarys",1879,1,46
2193,1797,1879,82,"F","StMarys",1879,1,46
2196,1800,1884,84,NA,"StMarys",1884,1,51
2201,1850,1855,5,"M","StMarys",1855,1,22
2202,1821,1859,38,"F","StMarys",1859,1,26
2203,1893,1926,33,"M","StMarys",1926,1,93
2204,1853,1917,64,"M","StMarys",1917,1,84
2206,1783,1807,24,"F","Tresco",1807,0,0
2207,1821,1844,23,"M","Tresco",1844,1,11
2208,1789,1856,67,"M","Tresco",1856,1,23
2212,1869,1951,82,"F","StMarys",1951,1,118
2218,1811,1859,48,"F","Tresco",1859,1,26
2219,1864,1937,73,"F","StMarys",1937,1,104
2227,1882,1917,35,"M","Tresco",1917,1,84
2228,1863,1938,75,"F","StMarys",1938,1,105
2231,1847,1935,88,"F","Tresco",1935,1,102
2235,1833,1902,69,"M","StMarys",1902,1,69
2237,1801,1868,67,"M","StMarys",1868,1,35
2239,1887,1916,29,"M","Tresco",1916,1,83
2241,1889,1891,2,"M","Tresco",1891,1,58
2244,1832,1917,85,"F","StMarys",1917,1,84
2247,1860,1931,71,"M","StMarys",1931,1,98
2249,1820,1885,65,"M","Tresco",1885,1,52
2250,1850,1879,29,"M","Tresco",1879,1,46
2252,1833,1900,67,"F","StMarys",1900,1,67
2254,1960,1996,36,"F","StMarys",1996,1,163
2255,1861,1883,22,"F","Tresco",1883,1,50
2257,1796,1878,82,"F","Tresco",1878,1,45
2266,1871,1959,88,"M","StMarys",1959,1,126
2268,1878,1916,38,"M","Tresco",1916,1,83
2270,1788,1867,79,"M","StMarys",1867,1,34
2275,1905,1906,1,"F","StMartins",1906,1,73
2276,1778,1861,83,"F","Tresco",1861,1,28
2278,1811,1878,67,"M","Tresco",1878,1,45
2279,1947,1983,36,"M","StMarys",1983,1,150
2280,1977,1983,6,"F","StMarys",1983,1,150
2281,1973,1983,10,"F","StMarys",1983,1,150
2282,1946,1983,37,"F","StMarys",1983,1,150
2291,1806,1882,76,"F","StMarys",1882,1,49
2300,1909,1991,82,"F","StMartins",1991,1,158
2301,1925,1938,13,"M","StMartins",1938,1,105
2302,1924,1988,64,"M","StMarys",1988,1,155
2303,1872,1960,88,"F","StMartins",1960,1,127
2304,1908,1973,65,"F","StMartins",1973,1,140
2306,1873,1952,79,"M","StMartins",1952,1,119
2309,1875,1926,51,"F","Tresco",1926,1,93
2310,1932,1944,12,"M","Tresco",1944,1,111
2311,1902,1951,49,"F","Tresco",1951,1,118
2312,1894,1984,90,"F","StMarys",1984,1,151
2313,1870,1952,82,"M","Tresco",1952,1,119
2314,1875,1926,51,"M","Tresco",1926,1,93
2316,1898,1954,56,"M","StMarys",1954,1,121
2320,1915,1942,27,NA,"StMarys",1942,1,109
2323,1896,1976,80,"F","StMarys",1976,1,143
2324,1919,1941,22,"F","StMarys",1941,1,108
2328,1871,1971,100,NA,"StMarys",1971,1,138
2329,1889,1955,66,"F","StMarys",1955,1,122
2333,1924,1944,20,NA,"StMarys",1944,1,111
2337,1868,1923,55,"M","StMarys",1923,1,90
2341,1863,1923,60,"F","StMarys",1923,1,90
2343,1853,1905,52,"M","StMarys",1905,1,72
2344,1842,1862,20,"M","StMarys",1862,1,29
2345,1900,1948,48,"M","Bryher",1948,1,115
2348,1901,1912,11,"M","Tresco",1912,1,79
2351,1867,1885,18,"F","Tresco",1885,1,52
2352,1808,1884,76,"F","Bryher",1884,1,51
2354,1864,1887,23,"F","Tresco",1887,1,54
2355,1920,1994,74,"F","Bryher",1994,1,161
2356,1890,1912,22,"F","StMarys",1912,1,79
2357,1869,1907,38,"F","Bryher",1907,1,74
2358,1884,1974,90,"F","StMarys",1974,1,141
2359,1787,1857,70,"F","Tresco",1857,1,24
2361,1778,1861,83,"F","Tresco",1861,1,28
2363,1845,1897,52,"F","StMarys",1897,1,64
2364,1894,1978,84,"F","Bryher",1978,1,145
2365,1823,1891,68,"F","Bryher",1891,1,58
2366,1852,1935,83,"F","StMarys",1935,1,102
2367,1840,1910,70,"F","StMarys",1910,1,77
2368,1886,1886,0,"F","StMarys",1886,1,53
2371,1810,1889,79,"F","Bryher",1889,1,56
2377,1877,1952,75,"M","StMarys",1952,1,119
2378,1859,1912,53,"M","StMarys",1912,1,79
2379,1816,1884,68,"F","Tresco",1884,1,51
2380,1868,1930,62,"F","StMarys",1930,1,97
2382,1906,1992,86,"M","StMarys",1992,1,159
2383,1851,1885,34,"M","StMarys",1885,1,52
2386,1847,1869,22,"M","Tresco",1869,1,36
2388,1869,1949,80,"M","Bryher",1949,1,116
2389,1880,1910,30,"M","StMarys",1910,1,77
2391,1819,1890,71,"F","Tresco",1890,1,57
2392,1833,1907,74,"F","Tresco",1907,1,74
2393,1882,1903,21,"F","StMarys",1903,1,70
2395,1869,1905,36,"F","Bryher",1905,1,72
2400,1884,1958,74,"M","StMarys",1958,1,125
2405,1882,1955,73,"M","StMarys",1955,1,122
2410,1883,1964,81,"F","Bryher",1964,1,131
2411,1851,1934,83,"F","StMarys",1934,1,101
2413,1861,1912,51,"M","StMarys",1912,1,79
2416,1809,1886,77,"F","Tresco",1886,1,53
2420,1840,1863,23,"F","Bryher",1863,1,30
2428,1803,1862,59,"F","Tresco",1862,1,29
2431,1827,1885,58,"M","Tresco",1885,1,52
2437,1876,1881,5,"M","Tresco",1881,1,48
2441,1836,1932,96,"M","StMarys",1932,1,99
2446,1826,1909,83,"F","StMarys",1909,1,76
2451,1814,1877,63,"F","Tresco",1877,1,44
2456,1824,1898,74,"M","StMarys",1898,1,65
2458,1897,1917,20,"M","StMarys",1917,1,84
2459,1852,1926,74,"M","StMarys",1926,1,93
2460,1881,1942,61,"M","StMartins",1942,1,109
2468,1811,1863,52,"M","Tresco",1863,1,30
2471,1883,1883,0,"M","StMarys",1883,1,50
2475,1909,1979,70,"M","Bryher",1979,1,146
2476,1887,1893,6,"M","StMarys",1893,1,60
2477,1849,1933,84,"M","StMarys",1933,1,100
2478,1844,1908,64,"M","Bryher",1908,1,75
2480,1823,1896,73,"M","Bryher",1896,1,63
2482,1879,1958,79,"M","StMarys",1958,1,125
2484,1834,1845,11,"F","StMarys",1845,1,12
2490,1725,1805,80,"F","StMarys",1805,0,0
2493,1801,1867,66,"M","StMarys",1867,1,34
2494,1909,1988,79,"F","StMarys",1988,1,155
2495,1885,1959,74,"M","StMarys",1959,1,126
2497,1888,1964,76,"F","StMarys",1964,1,131
2498,1900,1918,18,"M","StMarys",1918,1,85
2501,1894,1973,79,"M","Tresco",1973,1,140
2502,1900,1983,83,"F","Tresco",1983,1,150
2508,1867,1940,73,"F","StMarys",1940,1,107
2509,1858,1881,23,"F","StMarys",1881,1,48
2511,1869,1929,60,"F","StMarys",1929,1,96
2513,1762,1826,64,"F","StMarys",1826,0,0
2518,1885,1949,64,"F","StMarys",1949,1,116
2519,1865,1897,32,"F","StMarys",1897,1,64
2521,1882,1958,76,"F","StMarys",1958,1,125
2522,1884,1953,69,"M","StMarys",1953,1,120
2523,1829,1847,18,"M","StMarys",1847,1,14
2524,1872,1936,64,"M","StMarys",1936,1,103
2528,1820,1887,67,"M","StMarys",1887,1,54
2530,1834,1916,82,"F","StMarys",1916,1,83
2532,1852,1874,22,"F","StMarys",1874,1,41
2535,1762,1833,71,"M","StMarys",1833,0,0
2538,1885,1970,85,"M","StMarys",1970,1,137
2539,1908,1968,60,"M","StMarys",1968,1,135
2542,1818,1881,63,"F","StMarys",1881,1,48
2545,1932,1938,6,"F","StMarys",1938,1,105
2548,1866,1930,64,"F","StMarys",1930,1,97
2550,1858,1950,92,"M","StMarys",1950,1,117
2555,1838,1866,28,"M","StMarys",1866,1,33
2556,1866,1902,36,"M","StMarys",1902,1,69
2558,1851,1931,80,"F","StMarys",1931,1,98
2562,1869,1954,85,"M","StMarys",1954,1,121
2563,1844,1931,87,"M","StMarys",1931,1,98
2565,1858,1909,51,"M","StMarys",1909,1,76
2566,1808,1890,82,"M","StMarys",1890,1,57
2569,1759,1804,45,"F","StMarys",1804,0,0
2573,1877,1958,81,"M","StMarys",1958,1,125
2576,1882,1947,65,"F","StMarys",1947,1,114
2577,1881,1917,36,"F","StMarys",1917,1,84
2578,1912,1933,21,"F","StMarys",1933,1,100
2581,1851,1923,72,"F","StMarys",1923,1,90
2583,1804,1889,85,"M","Tresco",1889,1,56
2588,1848,1913,65,"F","Tresco",1913,1,80
2591,1851,1913,62,"F","Tresco",1913,1,80
2596,1810,1830,20,"M","Tresco",1830,0,0
2598,1820,1892,72,"M","Tresco",1892,1,59
2599,1784,1823,39,"M","Tresco",1823,0,0
2600,1854,1943,89,"M","StMarys",1943,1,110
2601,1797,1880,83,"F","Tresco",1880,1,47
2604,1761,1817,56,"M","StMarys",1817,0,0
2606,1916,1942,26,NA,"StMarys",1942,1,109
2608,1877,1915,38,"M","StMarys",1915,1,82
2612,1859,1918,59,"F","StMarys",1918,1,85
2615,1889,1918,29,"M","StMartins",1918,1,85
2616,1916,1942,26,"M","StMartins",1942,1,109
2619,1849,1894,45,"M","StMarys",1894,1,61
2629,1887,1976,89,"M","StMarys",1976,1,143
2630,1892,1952,60,"F","StMarys",1952,1,119
2633,1882,1918,36,"F","Bryher",1918,1,85
2636,1825,1903,78,"M","Tresco",1903,1,70
2639,1897,1970,73,"F","StMarys",1970,1,137
2640,1848,1920,72,"M","StMarys",1920,1,87
2641,1857,1918,61,"F","StMarys",1918,1,85
2643,1928,1929,1,"F","StMarys",1929,1,96
2646,1894,1980,86,"M","StMarys",1980,1,147
2649,1863,1952,89,NA,"StMarys",1952,1,119
2654,1898,1980,82,"F","StMarys",1980,1,147
2655,1880,1951,71,"M","StMarys",1951,1,118
2657,1864,1898,34,"F","StMarys",1898,1,65
2658,1874,1933,59,"F","StMarys",1933,1,100
2659,1874,1922,48,"F","StMarys",1922,1,89
2660,1865,1925,60,"M","StMarys",1925,1,92
2662,1836,1915,79,"M","StMarys",1915,1,82
2663,1873,1956,83,"F","StMarys",1956,1,123
2664,1837,1915,78,"F","StMarys",1915,1,82
2665,1896,1950,54,"M","StMarys",1950,1,117
2667,1800,1838,38,"F","StMarys",1838,1,5
2668,1902,1924,22,"M","StMarys",1924,1,91
2669,1860,1897,37,"F","StMarys",1897,1,64
2670,1862,1883,21,"F","StMarys",1883,1,50
2671,1889,1959,70,"F","StMarys",1959,1,126
2674,1884,1960,76,"F","StMarys",1960,1,127
2678,1862,1904,42,"F","StMarys",1904,1,71
2681,1860,1927,67,"M","StMarys",1927,1,94
2684,1891,1951,60,"M","StMarys",1951,1,118
2685,1838,1878,40,"F","StMarys",1878,1,45
2686,1837,1900,63,"F","StMarys",1900,1,67
2695,1836,1914,78,"M","StMarys",1914,1,81
2701,1929,1997,68,"F","StMartins",1997,1,164
2702,1886,1977,91,"F","StMarys",1977,1,144
2703,1860,1860,0,"F","StMarys",1860,1,27
2704,1858,1880,22,"F","StMarys",1880,1,47
2708,1886,1971,85,"F","StMarys",1971,1,138
2709,1862,1862,0,"F","StMarys",1862,1,29
2712,1819,1885,66,"M","StMarys",1885,1,52
2714,1853,1865,12,"F","Tresco",1865,1,32
2715,1821,1896,75,"M","Tresco",1896,1,63
2717,1920,1941,21,NA,"StMarys",1941,1,108
2719,1826,1844,18,"M","StMarys",1844,1,11
2721,1868,1907,39,"F","Tresco",1907,1,74
2726,1865,1938,73,"F","Tresco",1938,1,105
2727,1865,1953,88,"M","Tresco",1953,1,120
2734,1917,1941,24,NA,"StMarys",1941,1,108
2735,1914,1941,27,NA,"StMarys",1941,1,108
2736,1855,1933,78,"F","StMarys",1933,1,100
2738,1849,1926,77,"M","StMarys",1926,1,93
2739,1890,1917,27,"F","StMarys",1917,1,84
2741,1793,1880,87,"F","StMarys",1880,1,47
2742,1800,1869,69,"F","StMarys",1869,1,36
2744,1852,1927,75,"F","StMarys",1927,1,94
2749,1812,1842,30,"M","StMarys",1842,1,9
2754,1882,1960,78,"F","Tresco",1960,1,127
2756,1906,1962,56,"F","StMarys",1962,1,129
2759,1898,1980,82,"F","StMarys",1980,1,147
2760,1787,1853,66,"M","StMarys",1853,1,20
2763,1826,1905,79,"F","StMarys",1905,1,72
2765,1845,1931,86,"F","StMarys",1931,1,98
2766,1860,1860,0,"F","StMarys",1860,1,27
2769,1871,1916,45,"F","StMarys",1916,1,83
2771,1792,1826,34,"F","StMarys",1826,0,0
2772,1897,1968,71,"F","StMarys",1968,1,135
2774,1877,1940,63,"F","StMarys",1940,1,107
2778,1876,1951,75,"M","StMarys",1951,1,118
2780,1828,1882,54,"M","StMarys",1882,1,49
2782,1871,1955,84,"F","StMarys",1955,1,122
2783,1838,1919,81,"M","StMarys",1919,1,86
2785,1842,1899,57,"M","StMarys",1899,1,66
2790,1849,1912,63,"F","StMarys",1912,1,79
2792,1865,1891,26,"F","StMarys",1891,1,58
2793,1843,1917,74,"F","StMarys",1917,1,84
2795,1817,1882,65,"M","StMarys",1882,1,49
2796,1915,1915,0,"M","StMarys",1915,1,82
2798,1844,1867,23,"M","StMarys",1867,1,34
2804,1840,1900,60,"F","StMarys",1900,1,67
2806,1872,1956,84,"F","StMarys",1956,1,123
2807,1876,1953,77,"M","StMarys",1953,1,120
2811,1877,1902,25,"F","StMarys",1902,1,69
2814,1846,1847,1,"M","Tresco",1847,1,14
2817,1843,1843,0,"M","Tresco",1843,1,10
2819,1876,1894,18,"M","StMarys",1894,1,61
2822,1863,1888,25,"M","StMartins",1888,1,55
2831,1882,1955,73,"F","StMarys",1955,1,122
2832,1853,1925,72,"F","StMarys",1925,1,92
2838,1859,1879,20,"F","Tresco",1879,1,46
2839,1818,1913,95,"M","Tresco",1913,1,80
2841,1888,1968,80,"F","StAgnes",1968,1,135
2842,1870,1955,85,"F","Tresco",1955,1,122
2843,1885,1969,84,"F","StMarys",1969,1,136
2845,1862,1924,62,"F","StMarys",1924,1,91
2847,1828,1916,88,"F","StMarys",1916,1,83
2848,1884,1935,51,"M","StMarys",1935,1,102
2850,1889,1969,80,"M","Tresco",1969,1,136
2851,1864,1884,20,"M","Tresco",1884,1,51
2853,1876,1937,61,"M","StMarys",1937,1,104
2854,1842,1914,72,"M","StMarys",1914,1,81
2857,1827,1908,81,"M","StMarys",1908,1,75
2859,1842,1901,59,"F","StMarys",1901,1,68
2861,1857,1938,81,"F","Tresco",1938,1,105
2862,1822,1915,93,"F","Tresco",1915,1,82
2863,1916,1934,18,"M","StMarys",1934,1,101
2865,1885,1978,93,"F","Tresco",1978,1,145
2866,1872,1928,56,"M","StMarys",1928,1,95
2868,1887,1954,67,"F","StMarys",1954,1,121
2875,1878,1953,75,"F","Bryher",1953,1,120
2876,1887,1960,73,"M","Bryher",1960,1,127
2877,1821,1900,79,"M","Bryher",1900,1,67
2879,1882,1943,61,"M","Bryher",1943,1,110
2881,1846,1903,57,"F","Bryher",1903,1,70
2882,1893,1969,76,"F","Bryher",1969,1,136
2883,1818,1887,69,"F","Bryher",1887,1,54
2884,1846,1903,57,"M","Bryher",1903,1,70
2885,1903,1913,10,"M","Bryher",1913,1,80
2896,1836,1916,80,"F","Tresco",1916,1,83
2898,1915,1952,37,"M","StMartins",1952,1,119
2900,1904,1904,0,"F","Tresco",1904,1,71
2903,1887,1969,82,"M","StMartins",1969,1,136
2904,1888,1962,74,"F","StMartins",1962,1,129
2908,1827,1890,63,"M","StMarys",1890,1,57
2909,1865,1953,88,"F","Tresco",1953,1,120
2913,1821,1879,58,"F","StMarys",1879,1,46
2921,1860,1950,90,"M","StMartins",1950,1,117
2922,1863,1944,81,"M","Tresco",1944,1,111
2926,1810,1849,39,"F","StMarys",1849,1,16
2928,1845,1866,21,"M","StMarys",1866,1,33
2929,1883,1967,84,"M","StMarys",1967,1,134
2930,1817,1913,96,"F","Bryher",1913,1,80
2931,1825,1886,61,"F","Bryher",1886,1,53
2933,1852,1852,0,"F","StMarys",1852,1,19
2934,1814,1893,79,"F","StMarys",1893,1,60
2935,1857,1934,77,"F","StMarys",1934,1,101
2943,1820,1903,83,"M","StMarys",1903,1,70
2945,1843,1910,67,"F","StMarys",1910,1,77
2946,1756,1810,54,"F","StMarys",1810,0,0
2947,1880,1953,73,"F","StMarys",1953,1,120
2950,1823,1862,39,"F","StMarys",1862,1,29
2953,1765,1817,52,"M","StMarys",1817,0,0
2955,1821,1860,39,"M","StMarys",1860,1,27
2965,1936,1983,47,"M","StMarys",1983,1,150
2972,1798,1854,56,"F","Tresco",1854,1,21
2973,1907,1987,80,"F","Tresco",1987,1,154
2977,1849,1925,76,"F","StMartins",1925,1,92
2984,1941,1981,40,"F","StMarys",1981,1,148
2993,1894,1958,64,"M","StMarys",1958,1,125
2994,1902,1987,85,"M","StMartins",1987,1,154
2998,1837,1899,62,"F","StMarys",1899,1,66
3002,1905,1906,1,"M","StMarys",1906,1,73
3003,1838,1923,85,"M","StMarys",1923,1,90
3006,1869,1931,62,"M","StMarys",1931,1,98
3007,1821,1895,74,"F","StMarys",1895,1,62
3012,1850,1914,64,"F","Bryher",1914,1,81
3014,1864,1935,71,"F","StMarys",1935,1,102
3015,1807,1890,83,"F","StMarys",1890,1,57
3016,1870,1947,77,"F","StMarys",1947,1,114
3017,1908,1991,83,"F","StMarys",1991,1,158
3018,1854,1893,39,"F","StMarys",1893,1,60
3024,1912,1970,58,"F","StMarys",1970,1,137
3028,1882,1949,67,"F","StMarys",1949,1,116
3029,1818,1896,78,"F","StMarys",1896,1,63
3030,1812,1898,86,"M","StMarys",1898,1,65
3031,1860,1926,66,"M","StMarys",1926,1,93
3032,1811,1867,56,"M","StMarys",1867,1,34
3046,1924,1928,4,"M","StMarys",1928,1,95
3047,1787,1824,37,"M","StMarys",1824,0,0
3052,1856,1877,21,"M","StMarys",1877,1,44
3053,1816,1890,74,"M","StMarys",1890,1,57
3055,1851,1930,79,"M","StMarys",1930,1,97
3056,1911,1953,42,"M","StMarys",1953,1,120
3057,1825,1894,69,"M","StMarys",1894,1,61
3058,1891,1972,81,"F","StMarys",1972,1,139
3059,1867,1938,71,"F","StMarys",1938,1,105
3061,1882,1954,72,"M","StMarys",1954,1,121
3063,1863,1881,18,"F","StMarys",1881,1,48
3065,1882,1949,67,"F","StMarys",1949,1,116
3068,1844,1923,79,"F","StMarys",1923,1,90
3070,1904,1923,19,"M","StMarys",1923,1,90
3071,1828,1912,84,"M","StMarys",1912,1,79
3073,1843,1928,85,"M","StMarys",1928,1,95
3074,1882,1907,25,"F","StMarys",1907,1,74
3075,1882,1945,63,"F","StMarys",1945,1,112
3076,1909,1909,0,"F","StMarys",1909,1,76
3077,1948,1948,0,"F","StMarys",1948,1,115
3080,1877,1949,72,"M","StMarys",1949,1,116
3081,1902,1936,34,"M","StMarys",1936,1,103
3082,1802,1900,98,"F","StMarys",1900,1,67
3083,1830,1848,18,"M","StMarys",1848,1,15
3084,1823,1855,32,"F","StMarys",1855,1,22
3085,1890,1909,19,"F","StMarys",1909,1,76
3086,1851,1928,77,"F","StMarys",1928,1,95
3087,1852,1931,79,"M","StMarys",1931,1,98
3091,1873,1878,5,"M","StMarys",1878,1,45
3092,1844,1912,68,"M","StMarys",1912,1,79
3097,1896,1983,87,"F","StMarys",1983,1,150
3099,1922,1948,26,"M","StMarys",1948,1,115
3101,1891,1970,79,"M","StMarys",1970,1,137
3103,1865,1911,46,"F","StMarys",1911,1,78
3104,1868,1870,2,"F","StMarys",1870,1,37
3105,1860,1892,32,"F","StMarys",1892,1,59
3108,1806,1895,89,"F","StMarys",1895,1,62
3109,1856,1891,35,"F","StMarys",1891,1,58
3111,1903,1980,77,"M","StMarys",1980,1,147
3117,1838,1903,65,"F","Tresco",1903,1,70
3125,1891,1963,72,"F","StMarys",1963,1,130
3129,1884,1902,18,"M","StMarys",1902,1,69
3130,1823,1891,68,"F","Bryher",1891,1,58
3133,1856,1880,24,"F","StMarys",1880,1,47
3135,1819,1886,67,"F","StMarys",1886,1,53
3137,1860,1860,0,"M","StMarys",1860,1,27
3140,1853,1855,2,"F","StMarys",1855,1,22
3142,1811,1884,73,"F","StMarys",1884,1,51
3144,1735,1825,90,"F","StMarys",1825,0,0
3146,1803,1852,49,"M","StMarys",1852,1,19
3147,1766,1815,49,"M","StMarys",1815,0,0
3148,1803,1892,89,"M","StMarys",1892,1,59
3153,1808,1852,44,"M","StMarys",1852,1,19
3158,1809,1845,36,"M","StMarys",1845,1,12
3161,1896,1992,96,"M","StMarys",1992,1,159
3162,1896,1981,85,"F","StMarys",1981,1,148
3175,1859,1914,55,"M","StMarys",1914,1,81
3176,1898,1954,56,"M","StMarys",1954,1,121
3182,1907,1993,86,"F","StMarys",1993,1,160
3183,1867,1922,55,"F","StMarys",1922,1,89
3185,1823,1880,57,"F","StMarys",1880,1,47
3186,1856,1870,14,"F","StMarys",1870,1,37
3192,1810,1897,87,"M","StMarys",1897,1,64
3194,1890,1965,75,"M","StMarys",1965,1,132
3198,1877,1927,50,"F","StAgnes",1927,1,94
3201,1859,1931,72,"M","StMarys",1931,1,98
3204,1895,1963,68,"F","StMarys",1963,1,130
3210,1878,1950,72,"F","StMarys",1950,1,117
3213,1899,1918,19,"M","StMarys",1918,1,85
3214,1819,1907,88,"F","StMarys",1907,1,74
3216,1864,1940,76,"F","StMarys",1940,1,107
3217,1815,1897,82,"F","StMarys",1897,1,64
3218,1847,1863,16,"F","StMarys",1863,1,30
3219,1866,1938,72,"F","StMarys",1938,1,105
3220,1853,1906,53,"F","StMarys",1906,1,73
3223,1822,1896,74,"M","StMarys",1896,1,63
3225,1902,1976,74,"F","StMarys",1976,1,143
3226,1883,1966,83,"M","StMarys",1966,1,133
3227,1872,1876,4,"F","StMarys",1876,1,43
3228,1906,1982,76,"F","StMarys",1982,1,149
3230,1869,1881,12,"F","StMarys",1881,1,48
3233,1899,1970,71,"M","StMarys",1970,1,137
3234,1846,1898,52,"F","StMarys",1898,1,65
3236,1911,1945,34,NA,"StMarys",1945,1,112
3237,1911,1945,34,"M","StMarys",1945,1,112
3239,1881,1959,78,"M","StMarys",1959,1,126
3240,1906,1965,59,"F","StMarys",1965,1,132
3241,1819,1881,62,"M","StMarys",1881,1,48
3243,1866,1866,0,"M","StMarys",1866,1,33
3254,1807,1871,64,"M","Bryher",1871,1,38
3255,1830,1855,25,"F","Bryher",1855,1,22
3256,1831,1897,66,"F","StMarys",1897,1,64
3257,1834,1918,84,"F","StMarys",1918,1,85
3258,1780,1849,69,"M","StMarys",1849,1,16
3261,1826,1854,28,"F","StMarys",1854,1,21
3262,1782,1838,56,"F","StMarys",1838,1,5
3266,1826,1910,84,"M","StMarys",1910,1,77
3269,1854,1925,71,"F","StMarys",1925,1,92
3270,1835,1850,15,"F","StMarys",1850,1,17
3271,1845,1891,46,"F","StMarys",1891,1,58
3272,1851,1930,79,"M","StMarys",1930,1,97
3273,1839,1839,0,"M","StMarys",1839,1,6
3275,1816,1886,70,"F","StMarys",1886,1,53
3276,1812,1890,78,"M","StMarys",1890,1,57
3280,1875,1951,76,"F","StMarys",1951,1,118
3281,1858,1929,71,"M","StMarys",1929,1,96
3283,1895,1946,51,"F","StMarys",1946,1,113
3284,1885,1947,62,"M","StMarys",1947,1,114
3285,1904,1990,86,"M","StMarys",1990,1,157
3286,1840,1892,52,"F","StMarys",1892,1,59
3287,1883,1884,1,"M","StMarys",1884,1,51
3290,1890,1979,89,"F","StMarys",1979,1,146
3294,1891,1972,81,"M","StMarys",1972,1,139
3296,1785,1861,76,"M","StMarys",1861,1,28
3297,1784,1858,74,"F","StMarys",1858,1,25
3300,1908,1959,51,"M","StMarys",1959,1,126
3302,1801,1869,68,"F","StMarys",1869,1,36
3303,1914,1940,26,"F","StMarys",1940,1,107
3306,1864,1889,25,"F","StMarys",1889,1,56
3315,1909,2000,91,"F","Tresco",2000,1,167
3324,1835,1862,27,"F","StMarys",1862,1,29
3328,1847,1866,19,"M","StMarys",1866,1,33
3329,1870,1872,2,"M","StMarys",1872,1,39
3333,1840,1864,24,"F","StMarys",1864,1,31
3335,1848,1887,39,"M","StMarys",1887,1,54
3340,1751,1814,63,"F","StMarys",1814,0,0
3343,1891,1929,38,"M","StMarys",1929,1,96
3344,1900,1992,92,"F","StMarys",1992,1,159
3345,1909,1987,78,"M","StMartins",1987,1,154
3347,1900,1980,80,"F","StMartins",1980,1,147
3348,1882,1949,67,NA,"StMarys",1949,1,116
3350,1879,1957,78,"F","StMarys",1957,1,124
3353,1875,1875,0,"M","StMarys",1875,1,42
3354,1846,1905,59,"F","StMarys",1905,1,72
3355,1843,1922,79,"F","StMarys",1922,1,89
3357,1867,1937,70,"M","StMarys",1937,1,104
3359,1906,1979,73,"M","Tresco",1979,1,146
3360,1903,1997,94,"F","Tresco",1997,1,164
3361,1875,1944,69,"F","Bryher",1944,1,111
3364,1873,1889,16,"F","StMarys",1889,1,56
3365,1880,1895,15,"M","StMarys",1895,1,62
3366,1842,1932,90,"F","StMarys",1932,1,99
3368,1797,1870,73,"F","StMarys",1870,1,37
3370,1849,1927,78,"F","StMarys",1927,1,94
3377,1914,1940,26,"F","StMarys",1940,1,107
3378,1834,1919,85,"F","StMarys",1919,1,86
3381,1826,1900,74,"F","StMarys",1900,1,67
3382,1913,1994,81,"M","StMarys",1994,1,161
3383,1886,1964,78,"F","StMarys",1964,1,131
3387,1843,1921,78,"F","StMarys",1921,1,88
3396,1823,1875,52,"F","StMarys",1875,1,42
3397,1791,1845,54,"F","StMarys",1845,1,12
3398,1858,1923,65,"F","StMarys",1923,1,90
3402,1845,1926,81,"F","StMarys",1926,1,93
3403,1825,1897,72,"F","StMarys",1897,1,64
3404,1867,1952,85,"F","StMarys",1952,1,119
3406,1883,1947,64,"M","StMarys",1947,1,114
3409,1860,1892,32,"F","StMarys",1892,1,59
3412,1819,1889,70,"M","StMarys",1889,1,56
3413,1819,1906,87,"M","StMarys",1906,1,73
3416,1839,1917,78,"F","StMarys",1917,1,84
3417,1824,1899,75,"F","StMarys",1899,1,66
3418,1858,1921,63,"F","StMarys",1921,1,88
3419,1802,1859,57,"M","StMarys",1859,1,26
3420,1828,1910,82,"M","StMarys",1910,1,77
3421,1827,1852,25,"M","StMarys",1852,1,19
3425,1832,1897,65,"F","StMarys",1897,1,64
3427,1833,1848,15,"M","StMarys",1848,1,15
3428,1848,1848,0,"M","StMarys",1848,1,15
3429,1852,1947,95,"F","StMarys",1947,1,114
3433,1835,1835,0,"F","StMarys",1835,1,2
3435,1890,1896,6,"F","StMarys",1896,1,63
3437,1842,1924,82,"M","StMarys",1924,1,91
3445,1830,1836,6,"M","StMarys",1836,1,3
3448,1898,1963,65,"M","StMarys",1963,1,130
3449,1867,1943,76,"F","StMarys",1943,1,110
3450,1867,1941,74,"M","StMarys",1941,1,108
3451,1889,1949,60,"M","StMarys",1949,1,116
3453,1901,1966,65,"M","Tresco",1966,1,133
3457,1792,1851,59,"F","Bryher",1851,1,18
3458,1830,1892,62,"F","StMarys",1892,1,59
3459,1830,1906,76,"M","StMarys",1906,1,73
3463,1860,1946,86,"F","Tresco",1946,1,113
3467,1860,1881,21,"F","StMarys",1881,1,48
3469,1901,1920,19,"M","Tresco",1920,1,87
3473,1859,1951,92,"M","Tresco",1951,1,118
3474,1893,1942,49,"F","Tresco",1942,1,109
3479,1838,1844,6,"M","StMarys",1844,1,11
3483,1780,1860,80,"F","StMarys",1860,1,27
3484,1774,1849,75,"M","StMarys",1849,1,16
3486,1931,1961,30,"M","StMarys",1961,1,128
3488,1797,1870,73,"F","StMarys",1870,1,37
3490,1892,1959,67,"F","StMarys",1959,1,126
3491,1896,1915,19,"F","StMarys",1915,1,82
3493,1773,1810,37,"M","StMarys",1810,0,0
3495,1885,1886,1,"F","StMarys",1886,1,53
3496,1937,1990,53,"M","StMartins",1990,1,157
3498,1878,1930,52,"F","StMarys",1930,1,97
3501,1762,1841,79,"F","StMarys",1841,1,8
3503,1880,1952,72,"F","StMarys",1952,1,119
3504,1885,1947,62,"M","StMarys",1947,1,114
3506,1822,1872,50,"M","StMarys",1872,1,39
3510,1879,1957,78,"F","StMarys",1957,1,124
3512,1862,1928,66,"F","StMarys",1928,1,95
3515,1843,1871,28,"F","StMarys",1871,1,38
3516,1912,1941,29,"M","StMarys",1941,1,108
3517,1907,1954,47,"M","StMarys",1954,1,121
3518,1845,1845,0,"F","StMarys",1845,1,12
3519,1825,1914,89,"F","StMarys",1914,1,81
3520,1821,1895,74,"F","StMarys",1895,1,62
3521,1852,1933,81,"F","StMarys",1933,1,100
3522,1838,1877,39,"F","StMarys",1877,1,44
3523,1830,1863,33,"F","StMarys",1863,1,30
3524,1842,1913,71,"F","StMarys",1913,1,80
3525,1811,1884,73,"F","StMarys",1884,1,51
3527,1834,1908,74,"M","StMarys",1908,1,75
3533,1855,1916,61,"F","StMarys",1916,1,83
3534,1916,1969,53,"M","StMartins",1969,1,136
3535,1831,1903,72,"M","StMarys",1903,1,70
3538,1880,1931,51,"M","StMarys",1931,1,98
3542,1871,1954,83,"M","StMarys",1954,1,121
3543,1905,1960,55,"M","StMarys",1960,1,127
3546,1850,1909,59,"M","StMarys",1909,1,76
3548,1871,1907,36,"M","StMarys",1907,1,74
3549,1879,1920,41,"M","StMarys",1920,1,87
3550,1868,1945,77,"M","StMarys",1945,1,112
3552,1875,1953,78,"F","StMarys",1953,1,120
3554,1921,1983,62,"M","StMartins",1983,1,150
3556,1835,1838,3,"F","StMarys",1838,1,5
3558,1807,1847,40,"F","StMarys",1847,1,14
3560,1801,1893,92,"F","StMarys",1893,1,60
3566,1914,1920,6,"M","StMarys",1920,1,87
3567,1825,1909,84,"F","StMartins",1909,1,76
3568,1837,1914,77,"F","Tresco",1914,1,81
3569,1828,1918,90,"F","StMartins",1918,1,85
3570,1891,1892,1,"F","Tresco",1892,1,59
3571,1898,1962,64,"M","Tresco",1962,1,129
3576,1834,1915,81,"F","StMarys",1915,1,82
3579,1877,1939,62,"M","StMarys",1939,1,106
3585,1863,1905,42,"M","StMarys",1905,1,72
3587,1846,1930,84,"F","StMarys",1930,1,97
3588,1811,1875,64,"F","StMarys",1875,1,42
3589,1833,1909,76,"F","StMartins",1909,1,76
3595,1821,1907,86,"F","StMarys",1907,1,74
3596,1850,1911,61,"F","StMartins",1911,1,78
3597,1861,1935,74,"F","StMarys",1935,1,102
3598,1854,1936,82,"F","StMarys",1936,1,103
3602,1860,1876,16,"F","Tresco",1876,1,43
3603,1836,1915,79,"F","StMarys",1915,1,82
3604,1809,1897,88,"F","StMarys",1897,1,64
3606,1895,1899,4,"M","Tresco",1899,1,66
3607,1848,1849,1,"M","StMarys",1849,1,16
3613,1880,1929,49,"M","StMarys",1929,1,96
3614,1820,1876,56,"M","StMarys",1876,1,43
3618,1840,1897,57,"M","StMarys",1897,1,64
3619,1815,1886,71,"M","StMartins",1886,1,53
3620,1913,1914,1,"M","StMarys",1914,1,81
3621,1864,1945,81,"M","StMarys",1945,1,112
3622,1920,1991,71,"F","StMartins",1991,1,158
3623,1891,1968,77,"F","StMarys",1968,1,135
3626,1838,1843,5,"M","StMarys",1843,1,10
3627,1865,1884,19,"M","StMarys",1884,1,51
3631,1875,1947,72,"M","StMarys",1947,1,114
3640,1881,1894,13,"M","StMarys",1894,1,61
3642,1839,1913,74,"M","Tresco",1913,1,80
3643,1851,1919,68,"M","StMarys",1919,1,86
3644,1838,1909,71,"F","StMarys",1909,1,76
3645,1865,1887,22,"F","Tresco",1887,1,54
3646,1894,1949,55,"F","Tresco",1949,1,116
3649,1840,1914,74,"F","StMartins",1914,1,81
3650,1854,1940,86,"F","StMarys",1940,1,107
3651,1887,1943,56,"M","Tresco",1943,1,110
3655,1788,1825,37,"F","StMartins",1825,0,0
3658,1867,1891,24,"F","StMarys",1891,1,58
3659,1809,1877,68,"F","StMarys",1877,1,44
3660,1873,1953,80,"F","StMarys",1953,1,120
3663,1850,1935,85,"M","StMarys",1935,1,102
3665,1831,1904,73,"M","StMartins",1904,1,71
3671,1894,1918,24,"M","Tresco",1918,1,85
3674,1888,1932,44,"F","StMartins",1932,1,99
3676,1854,1919,65,"F","Tresco",1919,1,86
3680,1879,1897,18,"M","Tresco",1897,1,64
3682,1871,1875,4,"F","StMarys",1875,1,42
3697,1845,1897,52,"M","Tresco",1897,1,64
3698,1884,1953,69,"M","StMartins",1953,1,120
3699,1842,1865,23,"F","StMartins",1865,1,32
3700,1861,1905,44,"F","StMarys",1905,1,72
3702,1878,1894,16,"M","StMartins",1894,1,61
3708,1849,1879,30,"M","StMartins",1879,1,46
3709,1827,1900,73,"M","StMartins",1900,1,67
3710,1848,1929,81,"M","Tresco",1929,1,96
3715,1857,1921,64,"M","StMartins",1921,1,88
3717,1890,1960,70,"M","StMarys",1960,1,127
3718,1800,1881,81,"M","StMartins",1881,1,48
3721,1883,1960,77,"M","StMarys",1960,1,127
3723,1741,1823,82,"M","StMarys",1823,0,0
3727,1894,1894,0,"M","Tresco",1894,1,61
4513846,1906,1906,0,"M","StMarys",1906,1,73
4513844,1902,1902,0,"M","StMarys",1902,1,69
4513843,1895,1895,0,"F","StMarys",1895,1,62
4513841,1889,1894,5,"M","StMarys",1894,1,61
4513840,1850,1892,42,"F","StMarys",1892,1,59
4513839,1890,1890,0,"F","StMarys",1890,1,57
4513837,1821,1888,67,"M","StMarys",1888,1,55
4513836,1873,1888,15,"F","StMarys",1888,1,55
4513835,1888,1888,0,"M","StMarys",1888,1,55
4513833,1877,1887,10,"M","StMarys",1887,1,54
4513832,1850,1887,37,"F","StMarys",1887,1,54
4513831,1887,1887,0,"F","StMarys",1887,1,54
4513829,1880,1887,7,"F","StMarys",1887,1,54
4513828,1886,1886,0,"M","StAgnes",1886,1,53
4513827,1884,1886,2,"F","StMarys",1886,1,53
4513826,1853,1886,33,"F","StMarys",1886,1,53
4513825,1814,1886,72,"F","StMarys",1886,1,53
4513824,1886,1886,0,"M","StMarys",1886,1,53
4513821,1800,1886,86,"M","StMarys",1886,1,53
4513820,1769,1846,77,"F","StAgnes",1846,1,13
4513816,1820,1886,66,"F","StMarys",1886,1,53
4513815,1885,1886,1,"F","StMarys",1886,1,53
4513814,1880,1886,6,"M","StMarys",1886,1,53
4513813,1880,1886,6,"F","StMarys",1886,1,53
4513812,1853,1886,33,"M","StMarys",1886,1,53
4513811,1885,1886,1,"M","StAgnes",1886,1,53
4513810,1877,1886,9,"F","StAgnes",1886,1,53
4513808,1886,1886,0,"F","StMarys",1886,1,53
4513807,1812,1886,74,"M","StMarys",1886,1,53
4513806,1886,1886,0,"F","StMarys",1886,1,53
4513805,1827,1886,59,"F","StMarys",1886,1,53
4513804,1823,1886,63,"F","StMarys",1886,1,53
4513803,1827,1886,59,"M","StMarys",1886,1,53
4513802,1798,1886,88,"F","StMarys",1886,1,53
4513801,1808,1886,78,"F","StMarys",1886,1,53
4513800,1804,1886,82,"F","StMarys",1886,1,53
4513799,1811,1885,74,"F","StAgnes",1885,1,52
4513798,1824,1885,61,"F","StAgnes",1885,1,52
4513797,1812,1885,73,"F","StAgnes",1885,1,52
4513795,1879,1885,6,"M","StMarys",1885,1,52
4513794,1885,1885,0,"F","StMarys",1885,1,52
4513793,1801,1885,84,"M","StMarys",1885,1,52
4513792,1878,1885,7,"F","StMarys",1885,1,52
4513789,1885,1885,0,"F","StMarys",1885,1,52
4513787,1845,1885,40,"F","StMarys",1885,1,52
4513786,1846,1885,39,"F","StMarys",1885,1,52
4513785,1869,1885,16,"M","StMarys",1885,1,52
4513784,1885,1885,0,"F","StMarys",1885,1,52
4513779,1822,1885,63,"F","StMarys",1885,1,52
4513778,1792,1885,93,"M","StMarys",1885,1,52
4513777,1885,1885,0,"F","StMarys",1885,1,52
4513776,1814,1885,71,"F","StMarys",1885,1,52
4513775,1819,1885,66,"M","StMarys",1885,1,52
4513774,1809,1885,76,"F","StMarys",1885,1,52
4513772,1885,1885,0,"M","StMarys",1885,1,52
4513771,1884,1885,1,"F","StMarys",1885,1,52
4513770,1797,1885,88,"M","StMartins",1885,1,52
4513769,1820,1885,65,"F","StMarys",1885,1,52
4513768,1885,1885,0,"F","StMarys",1885,1,52
4513767,1811,1885,74,"M","StMarys",1885,1,52
4513764,1814,1885,71,"F","StMarys",1885,1,52
4513761,1884,1884,0,"F","StAgnes",1884,1,51
4513760,1825,1884,59,"F","StAgnes",1884,1,51
4513758,1798,1884,86,"F","StAgnes",1884,1,51
4513757,1861,1884,23,"M","StAgnes",1884,1,51
4513756,1816,1884,68,"M","StAgnes",1884,1,51
4513754,1811,1884,73,"M","StMarys",1884,1,51
4513752,1834,1884,50,"M","StMarys",1884,1,51
4513750,1845,1884,39,"F","StMarys",1884,1,51
4513749,1810,1884,74,"F","StMarys",1884,1,51
4513748,1825,1884,59,"F","StMarys",1884,1,51
4513747,1799,1884,85,"M","StMarys",1884,1,51
4513746,1883,1884,1,"M","StMarys",1884,1,51
4513745,1800,1884,84,"F","StMartins",1884,1,51
4513744,1812,1884,72,"F","StMarys",1884,1,51
4513743,1837,1884,47,"F","StMarys",1884,1,51
4513742,1832,1884,52,"M","StMarys",1884,1,51
4513741,1884,1884,0,"M","StMarys",1884,1,51
4513740,1822,1884,62,"F","StMarys",1884,1,51
4513739,1843,1884,41,"M","StMarys",1884,1,51
4513738,1858,1884,26,"M","StMarys",1884,1,51
4513736,1844,1884,40,"M","StMartins",1884,1,51
4513735,1829,1884,55,"F","StMarys",1884,1,51
4513734,1864,1884,20,"M",NA,1884,1,51
4513733,1883,1883,0,"F","StAgnes",1883,1,50
4513732,1802,1883,81,"M","StAgnes",1883,1,50
4513731,1800,1883,83,"F","Bryher",1883,1,50
4513730,1861,1883,22,"F","Tresco",1883,1,50
4513728,1808,1883,75,"M","Tresco",1883,1,50
4513727,1803,1883,80,"M","Tresco",1883,1,50
4513726,1810,1883,73,"F","Tresco",1883,1,50
4513723,1798,1883,85,"F","Bryher",1883,1,50
4513722,1866,1883,17,"F","Tresco",1883,1,50
4513720,1854,1883,29,"F","StMartins",1883,1,50
4513719,1800,1883,83,"M","StMartins",1883,1,50
4513718,1817,1883,66,"F","StMarys",1883,1,50
4513717,1819,1883,64,"F","StMarys",1883,1,50
4513716,1800,1883,83,"M","StMarys",1883,1,50
4513715,1820,1883,63,"F","StMarys",1883,1,50
4513714,1819,1883,64,"M","StMarys",1883,1,50
4513713,1815,1883,68,"F","StMarys",1883,1,50
4513712,1842,1883,41,"F","StMarys",1883,1,50
4513711,1813,1883,70,"F","StMarys",1883,1,50
4513710,1801,1883,82,"M","StMarys",1883,1,50
4513708,1883,1883,0,"M","StMartins",1883,1,50
4513707,1819,1883,64,"M","StMarys",1883,1,50
4513706,1883,1883,0,"F","StMarys",1883,1,50
4513705,1800,1883,83,"F","StMarys",1883,1,50
4513704,1878,1883,5,"F","StMarys",1883,1,50
4513701,1883,1883,0,"M","StMarys",1883,1,50
4513700,1883,1883,0,"M","StMarys",1883,1,50
4513699,1810,1883,73,"M","StMarys",1883,1,50
4513698,1883,1883,0,"F","StAgnes",1883,1,50
4513696,1883,1883,0,"M","StMarys",1883,1,50
4513692,1882,1882,0,"F","Tresco",1882,1,49
4513691,1807,1882,75,"F","Bryher",1882,1,49
4513690,1798,1882,84,"M","Bryher",1882,1,49
4513689,1812,1882,70,"F","StMarys",1882,1,49
4513688,1881,1882,1,"F","StMarys",1882,1,49
4513687,1882,1882,0,"F","StMarys",1882,1,49
4513686,1882,1882,0,"F","StMarys",1882,1,49
4513683,1794,1882,88,"F","StMarys",1882,1,49
4513681,1852,1882,30,"F","StMarys",1882,1,49
4513679,1814,1882,68,"F","StMartins",1882,1,49
4513678,1815,1882,67,"F","StMarys",1882,1,49
4513677,1812,1882,70,"M","StMarys",1882,1,49
4513676,1820,1882,62,"M","StAgnes",1882,1,49
4513674,1819,1882,63,"M","StMarys",1882,1,49
4513672,1882,1882,0,"M","StMarys",1882,1,49
4513670,1823,1882,59,"F","Tresco",1882,1,49
4513669,1881,1882,1,"F","StMarys",1882,1,49
4513667,1828,1882,54,"M",NA,1882,1,49
4513665,1807,1882,75,"M","StMarys",1882,1,49
4513663,1831,1882,51,"F","Tresco",1882,1,49
4513658,1873,1882,9,"F","StMarys",1882,1,49
4513657,1799,1882,83,"F","StMarys",1882,1,49
4513655,1798,1882,84,"M","StMartins",1882,1,49
4513654,1796,1882,86,"F","StMarys",1882,1,49
4513653,1806,1882,76,"F","StAgnes",1882,1,49
4513652,1881,1882,1,"F","StAgnes",1882,1,49
4513651,1818,1882,64,"M","StMarys",1882,1,49
4513650,1817,1882,65,"M","StMarys",1882,1,49
4513649,1801,1882,81,"M","StMartins",1882,1,49
4513647,1829,1881,52,"F","Tresco",1881,1,48
4513645,1826,1881,55,"F","StMartins",1881,1,48
4513644,1880,1881,1,"M","StAgnes",1881,1,48
4513643,1881,1881,0,"M","StAgnes",1881,1,48
4513642,1797,1881,84,"M","StMartins",1881,1,48
4513641,1804,1881,77,"F","Tresco",1881,1,48
4513640,1805,1881,76,"F","Tresco",1881,1,48
4513639,1801,1881,80,"M","StMarys",1881,1,48
4513637,1800,1881,81,"M","StMarys",1881,1,48
4513636,1881,1881,0,"M","StMarys",1881,1,48
4513633,1869,1881,12,"F","StMarys",1881,1,48
4513632,1881,1881,0,"M","StMarys",1881,1,48
4513631,1881,1881,0,"M","StMarys",1881,1,48
4513630,1881,1881,0,"M","StMartins",1881,1,48
4513629,1818,1881,63,"M","StMarys",1881,1,48
4513627,1819,1881,62,"M","StMarys",1881,1,48
4513625,1791,1881,90,"F","StMartins",1881,1,48
4513624,1811,1881,70,"F","Tresco",1881,1,48
4513623,1800,1881,81,"M","Bryher",1881,1,48
4513620,1860,1881,21,"F","StMarys",1881,1,48
4513619,1800,1881,81,"M","StAgnes",1881,1,48
4513618,1869,1881,12,"F","StMarys",1881,1,48
4513617,1823,1881,58,"F","StMarys",1881,1,48
4513616,1876,1881,5,"M","Tresco",1881,1,48
4513613,1880,1881,1,"F","StMarys",1881,1,48
4513612,1813,1881,68,"F","StMarys",1881,1,48
4513611,1877,1881,4,"F","StMarys",1881,1,48
4513610,1880,1881,1,"F","StMarys",1881,1,48
4513609,1880,1881,1,"M","StMartins",1881,1,48
4513607,1807,1881,74,"M","StAgnes",1881,1,48
4513606,1805,1881,76,"F","Tresco",1881,1,48
4513605,1800,1881,81,"F","StMarys",1881,1,48
4513604,1813,1881,68,"M","StMarys",1881,1,48
4513603,1880,1881,1,"M","Tresco",1881,1,48
4513602,1881,1881,0,"M","Bryher",1881,1,48
4513601,1881,1881,0,"M","Tresco",1881,1,48
4513600,1797,1881,84,"F","StMarys",1881,1,48
4513597,1864,1881,17,"F","StMarys",1881,1,48
4513594,1818,1881,63,"F","StMarys",1881,1,48
4513593,1812,1881,69,"F","StMarys",1881,1,48
4513592,1858,1881,23,"F","StMarys",1881,1,48
4513591,1811,1880,69,"M","StMartins",1880,1,47
4513590,1879,1880,1,"F","StMarys",1880,1,47
4513589,1798,1880,82,"F","StMarys",1880,1,47
4513588,1814,1880,66,"F","StAgnes",1880,1,47
4513587,1836,1880,44,"F","StMarys",1880,1,47
4513584,1880,1880,0,"F","StMarys",1880,1,47
4513583,1806,1880,74,"F","StMarys",1880,1,47
4513582,1813,1880,67,"F","StMarys",1880,1,47
4513581,1845,1880,35,"M",NA,1880,1,47
4513579,1880,1880,0,"M","StMartins",1880,1,47
4513577,1833,1880,47,"M","StMarys",1880,1,47
4513576,1800,1880,80,"F","StMarys",1880,1,47
4513575,1877,1880,3,"M","StMarys",1880,1,47
4513574,1880,1880,0,"F","StMarys",1880,1,47
4513573,1855,1880,25,"M","StAgnes",1880,1,47
4513572,1877,1880,3,"F","Tresco",1880,1,47
4513571,1873,1880,7,"M","Tresco",1880,1,47
4513570,1880,1880,0,"F","StAgnes",1880,1,47
4513569,1838,1880,42,"M","StMartins",1880,1,47
4513568,1817,1880,63,"M","StMarys",1880,1,47
4513567,1806,1880,74,"M","StMarys",1880,1,47
4513566,1839,1880,41,"M","StMarys",1880,1,47
4513565,1835,1880,45,NA,NA,1880,1,47
4513564,1823,1880,57,"F","StMarys",1880,1,47
4513563,1880,1880,0,"M","StMarys",1880,1,47
4513562,1792,1880,88,"F","StMarys",1880,1,47
4513560,1878,1880,2,"F","StMarys",1880,1,47
4513559,1790,1880,90,"F","StMarys",1880,1,47
4513556,1807,1880,73,"F","StMarys",1880,1,47
4513555,1798,1880,82,"F","Tresco",1880,1,47
4513553,1878,1879,1,"M","StMarys",1879,1,46
4513552,1799,1879,80,"F",NA,1879,1,46
4513551,1879,1879,0,"F","StMarys",1879,1,46
4513548,1801,1879,78,"F","StAgnes",1879,1,46
4513545,1803,1879,76,"M","Tresco",1879,1,46
4513544,1796,1879,83,"F","StMarys",1879,1,46
4513543,1859,1879,20,"F","Tresco",1879,1,46
4513541,1826,1879,53,"F","StMarys",1879,1,46
4513540,1790,1879,89,"F","StMarys",1879,1,46
4513539,1861,1879,18,"F","StMarys",1879,1,46
4513538,1821,1879,58,"F","StMarys",1879,1,46
4513537,1808,1879,71,"M","StMarys",1879,1,46
4513536,1855,1879,24,"F","StMarys",1879,1,46
4513534,1879,1879,0,"M","StMarys",1879,1,46
4513532,1874,1879,5,"F","Tresco",1879,1,46
4513531,1813,1879,66,"F","Tresco",1879,1,46
4513528,1879,1879,0,"M","StMarys",1879,1,46
4513525,1789,1879,90,"F","StMartins",1879,1,46
4513524,1798,1879,81,"F","StMartins",1879,1,46
4513521,1794,1879,85,"M","StMarys",1879,1,46
4513520,1879,1879,0,"M","StMarys",1879,1,46
4513519,1824,1879,55,"F","StAgnes",1879,1,46
4513518,1850,1879,29,"M","Tresco",1879,1,46
4513517,1805,1879,74,"F","StMarys",1879,1,46
4513516,1835,1879,44,"F","StMarys",1879,1,46
4513515,1864,1879,15,"F","Tresco",1879,1,46
4513514,1821,1879,58,"F","StMarys",1879,1,46
4513513,1825,1879,54,"F","StMarys",1879,1,46
4513512,1799,1878,79,"M","StMarys",1878,1,45
4513511,1799,1878,79,"M","StMarys",1878,1,45
4513510,1837,1878,41,"M","Bryher",1878,1,45
4513509,1878,1878,0,"F","StMarys",1878,1,45
4513508,1878,1878,0,"M","StMarys",1878,1,45
4513507,1878,1878,0,"F","StMarys",1878,1,45
4513506,1867,1878,11,"M","StMarys",1878,1,45
4513505,1798,1878,80,"F","StAgnes",1878,1,45
4513504,1836,1878,42,"F","StMartins",1878,1,45
4513503,1806,1878,72,"F","Tresco",1878,1,45
4513502,1863,1878,15,"F","StMarys",1878,1,45
4513501,1795,1878,83,"M","StMarys",1878,1,45
4513499,1857,1878,21,NA,NA,1878,1,45
4513498,1856,1878,22,"M",NA,1878,1,45
4513497,1795,1878,83,"F","StMarys",1878,1,45
4513496,1806,1878,72,"F","StMarys",1878,1,45
4513494,1796,1878,82,"F","Tresco",1878,1,45
4513493,1825,1878,53,"M",NA,1878,1,45
4513492,1809,1878,69,"F","StMarys",1878,1,45
4513490,1811,1878,67,"M","Tresco",1878,1,45
4513489,1878,1878,0,"M","StMarys",1878,1,45
4513488,1801,1878,77,"F","StMarys",1878,1,45
4513487,1798,1878,80,"F","StMarys",1878,1,45
4513486,1807,1878,71,"F","StMarys",1878,1,45
4513484,1877,1878,1,"F","StMarys",1878,1,45
4513483,1807,1878,71,"F","Tresco",1878,1,45
4513482,1808,1877,69,"M","StMarys",1877,1,44
4513480,1794,1877,83,"F","StMarys",1877,1,44
4513479,1799,1877,78,"F","StMarys",1877,1,44
4513476,1877,1877,0,"M","StMarys",1877,1,44
4513475,1848,1877,29,"M","StAgnes",1877,1,44
4513474,1839,1877,38,"F","Bryher",1877,1,44
4513473,1814,1877,63,"F","Tresco",1877,1,44
4513472,1812,1877,65,"F","StMarys",1877,1,44
4513470,1801,1877,76,"F","StAgnes",1877,1,44
4513469,1809,1877,68,"F","StMarys",1877,1,44
4513468,1807,1877,70,"F","StMarys",1877,1,44
4513465,1865,1877,12,"F","StMarys",1877,1,44
4513464,1852,1877,25,"F","StMarys",1877,1,44
4513463,1876,1877,1,"F","Bryher",1877,1,44
4513462,1812,1877,65,"F","StMarys",1877,1,44
4513461,1859,1877,18,"F","StMarys",1877,1,44
4513460,1875,1877,2,"M","StMarys",1877,1,44
4513459,1855,1877,22,"F","StMarys",1877,1,44
4513456,1857,1877,20,"M","StMarys",1877,1,44
4513454,1863,1877,14,"M","StMarys",1877,1,44
4513451,1812,1877,65,"F","StMarys",1877,1,44
4513449,1796,1877,81,"F","StMarys",1877,1,44
4513447,1801,1877,76,"M","StMarys",1877,1,44
4513446,1805,1877,72,"M","StMarys",1877,1,44
4513445,1838,1877,39,"F","StMarys",1877,1,44
4513444,1801,1877,76,"F","StMarys",1877,1,44
4513441,1808,1877,69,"F","StMarys",1877,1,44
4513440,1796,1876,80,"M","Bryher",1876,1,43
4513438,1810,1876,66,"M","StMartins",1876,1,43
4513437,1849,1876,27,"M","StMarys",1876,1,43
4513436,1800,1876,76,"M","StMarys",1876,1,43
4513435,1813,1876,63,"M","Tresco",1876,1,43
4513434,1873,1876,3,"F","StMarys",1876,1,43
4513432,1789,1876,87,"F","StMarys",1876,1,43
4513431,1876,1876,0,"M","Tresco",1876,1,43
4513430,1843,1876,33,"M","Tresco",1876,1,43
4513426,1801,1876,75,"M","StMarys",1876,1,43
4513425,1876,1876,0,"F","StMarys",1876,1,43
4513424,1812,1876,64,"M","StMarys",1876,1,43
4513421,1779,1876,97,"M","Bryher",1876,1,43
4513420,1799,1876,77,"F","StMarys",1876,1,43
4513419,1860,1876,16,"F","StMarys",1876,1,43
4513418,1790,1876,86,"F","Bryher",1876,1,43
4513417,1791,1876,85,"M","Bryher",1876,1,43
4513414,1876,1876,0,"F","StMarys",1876,1,43
4513413,1801,1876,75,"F","Tresco",1876,1,43
4513412,1876,1876,0,"M","Tresco",1876,1,43
4513411,1808,1876,68,"M","Tresco",1876,1,43
4513410,1808,1876,68,"M","StMarys",1876,1,43
4513408,1803,1876,73,"F","StMarys",1876,1,43
4513406,1860,1876,16,"F","Tresco",1876,1,43
4513405,1799,1876,77,"F","Bryher",1876,1,43
4513404,1874,1876,2,"M","StMarys",1876,1,43
4513400,1794,1875,81,"F","StMarys",1875,1,42
4513399,1845,1875,30,"M",NA,1875,1,42
4513398,1810,1875,65,"F","Tresco",1875,1,42
4513397,1812,1875,63,"F","StMarys",1875,1,42
4513395,1812,1875,63,"F","StMarys",1875,1,42
4513394,1807,1875,68,"F","StMarys",1875,1,42
4513392,1851,1875,24,"F","StMarys",1875,1,42
4513391,1797,1875,78,"M","StMarys",1875,1,42
4513390,1844,1875,31,"F","StMarys",1875,1,42
4513389,1809,1875,66,"F","StMarys",1875,1,42
4513388,1875,1875,0,"F","StMarys",1875,1,42
4513387,1875,1875,0,"M","Tresco",1875,1,42
4513386,1853,1875,22,"F","StMarys",1875,1,42
4513384,1808,1875,67,"M","StMarys",1875,1,42
4513383,1844,1875,31,"M","StMarys",1875,1,42
4513381,1862,1875,13,NA,NA,1875,1,42
4513380,1874,1875,1,"F","StMarys",1875,1,42
4513379,1807,1875,68,"F","StMarys",1875,1,42
4513376,1805,1875,70,"F","StMarys",1875,1,42
4513369,1858,1875,17,"F","StMartins",1875,1,42
4513271,1875,1875,0,"M","Tresco",1875,1,42
4513267,1875,1875,0,"M","Tresco",1875,1,42
4513266,1875,1875,0,"M","StMarys",1875,1,42
4513265,1875,1875,0,"F","StAgnes",1875,1,42
4513264,1875,1875,0,"M","Tresco",1875,1,42
4513262,1823,1875,52,"M","StMarys",1875,1,42
4513261,1798,1875,77,"F","StMarys",1875,1,42
4513260,1823,1875,52,"F","StMarys",1875,1,42
4513258,1875,1875,0,"M","StMarys",1875,1,42
4513257,1793,1875,82,"F","StMarys",1875,1,42
4513256,1875,1875,0,"F","StMarys",1875,1,42
4513255,1842,1875,33,"M",NA,1875,1,42
4513253,1794,1874,80,"F","StMarys",1874,1,41
4513251,1852,1874,22,"F","StMarys",1874,1,41
4513250,1813,1874,61,"F","StMarys",1874,1,41
4513249,1819,1874,55,"M","StMarys",1874,1,41
4513248,1874,1874,0,"M","Tresco",1874,1,41
4513247,1841,1874,33,"M","StMartins",1874,1,41
4513245,1846,1874,28,"F","StMarys",1874,1,41
4513243,1785,1874,89,"F","Tresco",1874,1,41
4513242,1807,1874,67,"M","StMarys",1874,1,41
4513241,1792,1874,82,"M","StMarys",1874,1,41
4513240,1831,1874,43,"F","StMarys",1874,1,41
4513238,1833,1874,41,"F","StMarys",1874,1,41
4513237,1849,1874,25,"M",NA,1874,1,41
4513236,1857,1874,17,"F",NA,1874,1,41
4513235,1795,1874,79,"F","StMarys",1874,1,41
4513234,1803,1874,71,"M","StMartins",1874,1,41
4513233,1800,1874,74,"M","StMarys",1874,1,41
4513232,1851,1874,23,"M","StMarys",1874,1,41
4513231,1871,1874,3,"F","StMarys",1874,1,41
4513230,1841,1874,33,"M","StMarys",1874,1,41
4513229,1872,1874,2,"M","StMarys",1874,1,41
4513228,1789,1874,85,"F","StMarys",1874,1,41
4513223,1874,1874,0,"M","StMarys",1874,1,41
4513222,1874,1874,0,"M","StMarys",1874,1,41
4513221,1873,1873,0,"F","StMarys",1873,1,40
4513220,1814,1873,59,"F","StMarys",1873,1,40
4513219,1873,1873,0,"M","StMarys",1873,1,40
4513218,1873,1873,0,"F","StMarys",1873,1,40
4513217,1795,1873,78,"M","Tresco",1873,1,40
4513216,1798,1873,75,"M","StMarys",1873,1,40
4513213,1802,1873,71,"F","StMarys",1873,1,40
4513212,1784,1873,89,"F","StMarys",1873,1,40
4513211,1873,1873,0,"F","StMarys",1873,1,40
4513210,1873,1873,0,"M","StMarys",1873,1,40
4513209,1784,1873,89,"M","Bryher",1873,1,40
4513208,1801,1873,72,"M","Tresco",1873,1,40
4513207,1850,1873,23,"M","StMarys",1873,1,40
4513206,1850,1873,23,"M","StMarys",1873,1,40
4513205,1809,1873,64,"F","Bryher",1873,1,40
4513203,1795,1873,78,"M","Tresco",1873,1,40
4513202,1791,1873,82,"M","StMarys",1873,1,40
4513200,1838,1873,35,"F","StMarys",1873,1,40
4513199,1787,1873,86,"M","StMarys",1873,1,40
4513197,1810,1873,63,"M","StMarys",1873,1,40
4513196,1873,1873,0,"M","StMarys",1873,1,40
4513195,1796,1873,77,"F","StMarys",1873,1,40
4513193,1872,1872,0,"M","StMarys",1872,1,39
4513192,1870,1872,2,"M","StMarys",1872,1,39
4513191,1807,1872,65,"M","Bryher",1872,1,39
4513189,1802,1872,70,"M","StMarys",1872,1,39
4513187,1872,1872,0,"M","StMartins",1872,1,39
4513186,1804,1872,68,"F","StMartins",1872,1,39
4513184,1872,1872,0,"M","StMarys",1872,1,39
4513183,1872,1872,0,"F","StMarys",1872,1,39
4513182,1796,1872,76,"F","StMarys",1872,1,39
4513180,1870,1872,2,"F","StAgnes",1872,1,39
4513179,1817,1872,55,"M","StMartins",1872,1,39
4513178,1866,1872,6,"F","StMarys",1872,1,39
4513177,1871,1872,1,"M","StMarys",1872,1,39
4513175,1872,1872,0,"M","StMarys",1872,1,39
4513174,1851,1872,21,"M","StMarys",1872,1,39
4513173,1788,1872,84,"F","StMarys",1872,1,39
4513172,1871,1872,1,"M","StMarys",1872,1,39
4513171,1869,1872,3,"M","StMarys",1872,1,39
4513170,1804,1872,68,"M","StMarys",1872,1,39
4513169,1822,1872,50,"M","StMarys",1872,1,39
4513166,1790,1872,82,"F","StMarys",1872,1,39
4513165,1872,1872,0,"M","StAgnes",1872,1,39
4513164,1868,1872,4,"F","StMarys",1872,1,39
4513163,1840,1872,32,"M","StMarys",1872,1,39
4513162,1814,1872,58,"M","Tresco",1872,1,39
4513160,1831,1872,41,"F","Tresco",1872,1,39
4513156,1810,1872,62,"F","Bryher",1872,1,39
4513154,1799,1872,73,"F","StMarys",1872,1,39
4513153,1793,1872,79,"M","StMartins",1872,1,39
4513152,1786,1872,86,"F","Tresco",1872,1,39
4513151,1871,1872,1,"F","StMarys",1872,1,39
4513139,1803,1871,68,"M","StMarys",1871,1,38
4513138,1871,1871,0,"F","StMarys",1871,1,38
4513137,1870,1871,1,"M","StMarys",1871,1,38
4513134,1806,1871,65,"M","StMarys",1871,1,38
4513133,1796,1871,75,"M","StMarys",1871,1,38
4513132,1838,1871,33,"F","StMarys",1871,1,38
4513131,1871,1871,0,"M","StMarys",1871,1,38
4513130,1798,1871,73,"F","StMartins",1871,1,38
4513129,1867,1871,4,"M","StMarys",1871,1,38
4513128,1871,1871,0,"M","StMarys",1871,1,38
4513127,1816,1871,55,"F","StMarys",1871,1,38
4513126,1826,1871,45,"M","Tresco",1871,1,38
4513125,1847,1871,24,"F","StMarys",1871,1,38
4513124,1813,1871,58,"M","StMartins",1871,1,38
4513121,1794,1871,77,"F","StMarys",1871,1,38
4513118,1802,1871,69,"M","StAgnes",1871,1,38
4513117,1833,1871,38,NA,NA,1871,1,38
4513116,1809,1871,62,"F","StMarys",1871,1,38
4513115,1794,1871,77,"F","StAgnes",1871,1,38
4513113,1788,1871,83,"M","StMarys",1871,1,38
4513112,1836,1871,35,"M","StMarys",1871,1,38
4513111,1784,1871,87,"F","StAgnes",1871,1,38
4513110,1845,1871,26,"M","StMarys",1871,1,38
4513109,1848,1871,23,"F","StMarys",1871,1,38
4513108,1791,1871,80,"F","StMarys",1871,1,38
4513107,1791,1871,80,"F","Tresco",1871,1,38
4513106,1871,1871,0,"M","Tresco",1871,1,38
4513105,1871,1871,0,"M","Tresco",1871,1,38
4513103,1806,1870,64,"M","Bryher",1870,1,37
4513102,1870,1870,0,"M","Tresco",1870,1,37
4513101,1798,1870,72,"F","Tresco",1870,1,37
4513100,1798,1870,72,"F","Bryher",1870,1,37
4513099,1870,1870,0,"F","StMarys",1870,1,37
4513098,1797,1870,73,"M","StMartins",1870,1,37
4513097,1835,1870,35,"F","StMarys",1870,1,37
4513096,1870,1870,0,"M","StMarys",1870,1,37
4513095,1870,1870,0,"M","StMarys",1870,1,37
4513094,1827,1870,43,"M",NA,1870,1,37
4513093,1839,1870,31,"M",NA,1870,1,37
4513091,1840,1870,30,"F","StMarys",1870,1,37
4513090,1861,1870,9,"F","StMarys",1870,1,37
4513089,1870,1870,0,"F","StMartins",1870,1,37
4513087,1870,1870,0,"F","StAgnes",1870,1,37
4513084,1856,1870,14,"F","StMarys",1870,1,37
4513083,1823,1870,47,"F","StMarys",1870,1,37
4513081,1813,1870,57,"M","StMarys",1870,1,37
4513080,1803,1870,67,"F","StMarys",1870,1,37
4513078,1820,1870,50,"M","StMartins",1870,1,37
4513075,1793,1870,77,"M","StMartins",1870,1,37
4513074,1870,1870,0,"M","StMarys",1870,1,37
4513073,1789,1870,81,"F","StMarys",1870,1,37
4513072,1869,1870,1,"F","StMarys",1870,1,37
4513071,1838,1870,32,"F","StAgnes",1870,1,37
4513069,1796,1870,74,"M","StMarys",1870,1,37
4513067,1833,1870,37,"M","StMarys",1870,1,37
4513066,1833,1870,37,"F","StMarys",1870,1,37
4513065,1869,1870,1,"F","StMarys",1870,1,37
4513064,1816,1869,53,"M","Tresco",1869,1,36
4513060,1869,1869,0,"F","StMarys",1869,1,36
4513059,1797,1869,72,"F","StMarys",1869,1,36
4513058,1779,1869,90,"F","StMarys",1869,1,36
4513057,1789,1869,80,"M","StMarys",1869,1,36
4513056,1821,1869,48,"F","StMarys",1869,1,36
4513055,1835,1869,34,"M","StMarys",1869,1,36
4513054,1790,1869,79,"F","StMarys",1869,1,36
4513053,1789,1869,80,"F","StMarys",1869,1,36
4513052,1791,1869,78,"M","StAgnes",1869,1,36
4513051,1782,1869,87,"M","StMarys",1869,1,36
4513050,1784,1869,85,"M","StMarys",1869,1,36
4513048,1808,1869,61,"F","StMarys",1869,1,36
4513046,1780,1869,89,"F","StMarys",1869,1,36
4513045,1801,1869,68,"F","StMarys",1869,1,36
4513044,1823,1869,46,"M","StMarys",1869,1,36
4513043,1819,1869,50,"F","StMarys",1869,1,36
4513042,1779,1869,90,"F","StMarys",1869,1,36
4513040,1843,1869,26,"M",NA,1869,1,36
4513038,1869,1869,0,"M","StMarys",1869,1,36
4513037,1849,1869,20,"F","StMarys",1869,1,36
4513036,1866,1869,3,"M","StMarys",1869,1,36
4513035,1838,1869,31,"F","StAgnes",1869,1,36
4513034,1869,1869,0,"M","StAgnes",1869,1,36
4513033,1801,1869,68,"F","StMarys",1869,1,36
4513032,1869,1869,0,"M","StMarys",1869,1,36
4513029,1814,1869,55,"M","StMarys",1869,1,36
4513028,1833,1869,36,"F","StMarys",1869,1,36
4513027,1806,1869,63,"M","StMarys",1869,1,36
4513026,1800,1869,69,"F","Tresco",1869,1,36
4513025,1811,1869,58,"M","StMartins",1869,1,36
4513024,1849,1869,20,"F","StMarys",1869,1,36
4513023,1791,1869,78,"F","StMarys",1869,1,36
4513020,1798,1869,71,"M","StMarys",1869,1,36
4513019,1799,1869,70,"F","StMarys",1869,1,36
4513017,1846,1869,23,"F","StMarys",1869,1,36
4513016,1788,1868,80,"F","StMarys",1868,1,35
4513015,1856,1868,12,"M","StMarys",1868,1,35
4513013,1852,1868,16,"M","StMarys",1868,1,35
4513012,1789,1868,79,"F","StMarys",1868,1,35
4513009,1868,1868,0,"M","StMarys",1868,1,35
4513006,1868,1868,0,"M","StMarys",1868,1,35
4513005,1868,1868,0,"M","StMarys",1868,1,35
4513004,1788,1868,80,"F","StMarys",1868,1,35
4513003,1840,1868,28,NA,"StMarys",1868,1,35
4513002,1788,1868,80,"M","StMarys",1868,1,35
4513001,1779,1868,89,"F","Tresco",1868,1,35
4513000,1820,1868,48,"F","StMarys",1868,1,35
4512999,1866,1868,2,"F","StMarys",1868,1,35
4512998,1868,1868,0,"F","StMarys",1868,1,35
4512997,1794,1868,74,"M","StMarys",1868,1,35
4512995,1791,1868,77,"F","StMarys",1868,1,35
4512994,1808,1868,60,"M","StMarys",1868,1,35
4512993,1789,1868,79,"F","StMarys",1868,1,35
4512991,1802,1868,66,"F","StAgnes",1868,1,35
4512990,1868,1868,0,"M","StMarys",1868,1,35
4512988,1868,1868,0,"M","StMarys",1868,1,35
4512987,1794,1868,74,"F","StMartins",1868,1,35
4512986,1867,1868,1,"F","StMarys",1868,1,35
4512985,1821,1868,47,"M","StAgnes",1868,1,35
4512984,1861,1868,7,"M","StMartins",1868,1,35
4512983,1868,1868,0,"M","StMarys",1868,1,35
4512982,1806,1868,62,"M","StAgnes",1868,1,35
4512980,1792,1868,76,"F","StMarys",1868,1,35
4512979,1793,1868,75,"M","StMarys",1868,1,35
4512978,1864,1868,4,"M","StMarys",1868,1,35
4512977,1779,1867,88,"F","StMarys",1867,1,34
4512975,1864,1867,3,"F","StMarys",1867,1,34
4512974,1860,1867,7,"F","StMarys",1867,1,34
4512973,1791,1867,76,"M","StMartins",1867,1,34
4512971,1814,1867,53,"F","StMarys",1867,1,34
4512970,1831,1867,36,"M","StMarys",1867,1,34
4512969,1780,1867,87,"M","StMarys",1867,1,34
4512968,1804,1867,63,"F","StMartins",1867,1,34
4512967,1815,1867,52,"F","StMarys",1867,1,34
4512966,1845,1867,22,"F","StMarys",1867,1,34
4512965,1810,1867,57,"M","StMarys",1867,1,34
4512964,1867,1867,0,"F",NA,1867,1,34
4512959,1823,1867,44,"M","StMarys",1867,1,34
4512958,1788,1867,79,"M","StMarys",1867,1,34
4512957,1851,1867,16,"F",NA,1867,1,34
4512956,1792,1867,75,"F","StMarys",1867,1,34
4512955,1844,1867,23,"F","StMarys",1867,1,34
4512954,1784,1867,83,"M","StMarys",1867,1,34
4512953,1800,1867,67,"M",NA,1867,1,34
4512952,1801,1867,66,"F","Tresco",1867,1,34
4512951,1799,1867,68,"M","Tresco",1867,1,34
4512950,1787,1867,80,"M","Tresco",1867,1,34
4512949,1838,1867,29,"M",NA,1867,1,34
4512948,1811,1867,56,"M",NA,1867,1,34
4512945,1839,1867,28,"M","StMarys",1867,1,34
4512944,1848,1867,19,"F","StMarys",1867,1,34
4512942,1866,1867,1,"F","StMarys",1867,1,34
4512941,1867,1867,0,"F","Tresco",1867,1,34
4512940,1799,1867,68,"M","Bryher",1867,1,34
4512939,1793,1867,74,"M","Bryher",1867,1,34
4512938,1809,1867,58,"F","StMarys",1867,1,34
4512937,1857,1867,10,"M","StMarys",1867,1,34
4512936,1867,1867,0,"M","StMarys",1867,1,34
4512935,1851,1867,16,"M","StMarys",1867,1,34
4512934,1828,1867,39,"F","StMarys",1867,1,34
4512933,1846,1867,21,"M","StMarys",1867,1,34
4512932,1802,1866,64,"M","StMarys",1866,1,33
4512931,1801,1866,65,"M","StMarys",1866,1,33
4512930,1782,1866,84,"M","StAgnes",1866,1,33
4512929,1796,1866,70,"F","StAgnes",1866,1,33
4512928,1866,1866,0,"M","StMarys",1866,1,33
4512927,1866,1866,0,"M","StMarys",1866,1,33
4512925,1789,1866,77,"M","StMarys",1866,1,33
4512924,1779,1866,87,"F","StMarys",1866,1,33
4512923,1866,1866,0,"F","StMarys",1866,1,33
4512922,1775,1866,91,"M","StMarys",1866,1,33
4512921,1791,1866,75,"F","StMarys",1866,1,33
4512920,1786,1866,80,"M","StMarys",1866,1,33
4512918,1781,1866,85,"F","StMarys",1866,1,33
4512917,1798,1866,68,"F","StMarys",1866,1,33
4512915,1783,1866,83,"M","Bryher",1866,1,33
4512914,1833,1866,33,"M","StMarys",1866,1,33
4512912,1788,1866,78,"M","StMarys",1866,1,33
4512911,1866,1866,0,"M","StMarys",1866,1,33
4512910,1866,1866,0,"M","Tresco",1866,1,33
4512909,1831,1866,35,"M","Tresco",1866,1,33
4512908,1852,1866,14,"M","Tresco",1866,1,33
4512907,1864,1866,2,"F","StMarys",1866,1,33
4512906,1865,1866,1,"F","StMarys",1866,1,33
4512901,1788,1866,78,"F","StMarys",1866,1,33
4512900,1863,1866,3,"M","StMarys",1866,1,33
4512899,1864,1866,2,"F","Tresco",1866,1,33
4512898,1791,1866,75,"M","Bryher",1866,1,33
4512897,1784,1866,82,"F","Tresco",1866,1,33
4512894,1865,1865,0,"F","StMarys",1865,1,32
4512892,1819,1865,46,"M","StMarys",1865,1,32
4512891,1781,1865,84,"F","StMartins",1865,1,32
4512890,1784,1865,81,"F","StMarys",1865,1,32
4512887,1781,1865,84,"M","Tresco",1865,1,32
4512885,1798,1865,67,"F","StMarys",1865,1,32
4512884,1789,1865,76,"M","StMarys",1865,1,32
4512883,1865,1865,0,"M","StMarys",1865,1,32
4512882,1818,1865,47,"F","StMarys",1865,1,32
4512881,1865,1865,0,NA,"StMarys",1865,1,32
4512880,1865,1865,0,"F","StMarys",1865,1,32
4512879,1843,1865,22,"F","StMarys",1865,1,32
4512878,1787,1865,78,"F","StMarys",1865,1,32
4512875,1793,1865,72,"F","StMarys",1865,1,32
4512874,1863,1865,2,"F","StMarys",1865,1,32
4512871,1864,1865,1,"F","StMarys",1865,1,32
4512870,1798,1865,67,"M","StMarys",1865,1,32
4512869,1788,1865,77,"F","StMarys",1865,1,32
4512867,1865,1865,0,"M","Tresco",1865,1,32
4512866,1816,1865,49,"M","Tresco",1865,1,32
4512865,1798,1865,67,"F","StMarys",1865,1,32
4512864,1803,1865,62,"M","StMarys",1865,1,32
4512863,1844,1865,21,"M","StMarys",1865,1,32
4512862,1844,1865,21,"F","StMarys",1865,1,32
4512861,1794,1865,71,"M","StMartins",1865,1,32
4512860,1784,1865,81,"M","StMarys",1865,1,32
4512858,1862,1865,3,"F","Tresco",1865,1,32
4512857,1865,1865,0,"M","Tresco",1865,1,32
4512856,1793,1865,72,"F","Tresco",1865,1,32
4512855,1863,1865,2,"F","Tresco",1865,1,32
4512854,1798,1865,67,"M","Tresco",1865,1,32
4512853,1865,1865,0,"M","StMarys",1865,1,32
4512852,1838,1865,27,"M",NA,1865,1,32
4512851,1838,1865,27,"F","StMarys",1865,1,32
4512850,1855,1865,10,"F","StMarys",1865,1,32
4512849,1789,1865,76,"F","StMarys",1865,1,32
4512848,1838,1865,27,"M","StMarys",1865,1,32
4512847,1864,1865,1,"M","StMarys",1865,1,32
4512844,1790,1864,74,"F","StMarys",1864,1,31
4512843,1776,1864,88,"F","StMarys",1864,1,31
4512842,1828,1864,36,"F","StMarys",1864,1,31
4512841,1777,1864,87,"F","StMarys",1864,1,31
4512839,1864,1864,0,"M","StMarys",1864,1,31
4512838,1840,1864,24,"F","StMarys",1864,1,31
4512837,1842,1864,22,"M","StMarys",1864,1,31
4512836,1842,1864,22,"F","Tresco",1864,1,31
4512835,1781,1864,83,"F","Tresco",1864,1,31
4512834,1798,1864,66,"F","StMarys",1864,1,31
4512833,1836,1864,28,"F","StMarys",1864,1,31
4512832,1827,1864,37,"F","StMarys",1864,1,31
4512830,1826,1864,38,"M","StMarys",1864,1,31
4512829,1777,1864,87,"F","StMarys",1864,1,31
4512827,1864,1864,0,"M","StMarys",1864,1,31
4512826,1816,1864,48,"F","Bryher",1864,1,31
4512824,1796,1864,68,"M","StMarys",1864,1,31
4512823,1845,1864,19,"M","StMarys",1864,1,31
4512822,1833,1864,31,"F","StMarys",1864,1,31
4512821,1794,1864,70,"F","StMarys",1864,1,31
4512820,1814,1864,50,"M","StMarys",1864,1,31
4512819,1801,1864,63,"F","Tresco",1864,1,31
4512817,1828,1864,36,"M","Tresco",1864,1,31
4512814,1786,1864,78,"M","StMarys",1864,1,31
4512813,1776,1864,88,"M","StMartins",1864,1,31
4512811,1864,1864,0,"M","StMarys",1864,1,31
4512812,1796,1864,68,"M","StMarys",1864,1,31
4512810,1819,1864,45,NA,"StMarys",1864,1,31
4512808,1864,1864,0,"M","StMartins",1864,1,31
4512809,1786,1864,78,"F","StMarys",1864,1,31
4512807,1824,1864,40,"F","StMartins",1864,1,31
4512805,1776,1864,88,"M","StMarys",1864,1,31
4512804,1789,1864,75,"M","StMarys",1864,1,31
4512803,1805,1864,59,"F","StMarys",1864,1,31
4512802,1782,1864,82,"F","StMarys",1864,1,31
4512801,1823,1864,41,"M","StMarys",1864,1,31
4512800,1786,1864,78,"M","Tresco",1864,1,31
4512799,1779,1864,85,"M","StMarys",1864,1,31
4512798,1795,1864,69,"M","StAgnes",1864,1,31
4512797,1811,1864,53,"M","Tresco",1864,1,31
4512796,1863,1863,0,"M","StMarys",1863,1,30
4512795,1835,1863,28,"M","StMarys",1863,1,30
4512793,1862,1863,1,"M","StMarys",1863,1,30
4512792,1836,1863,27,"M",NA,1863,1,30
4512791,1786,1863,77,"F","StMarys",1863,1,30
4512790,1785,1863,78,"M","StMartins",1863,1,30
4512788,1842,1863,21,"M","StMarys",1863,1,30
4512787,1830,1863,33,"M","Tresco",1863,1,30
4512785,1794,1863,69,"F","StMarys",1863,1,30
4512784,1843,1863,20,"F","StMarys",1863,1,30
4512782,1840,1863,23,"F","Bryher",1863,1,30
4512781,1859,1863,4,"M","StMarys",1863,1,30
4512780,1862,1863,1,"M","Tresco",1863,1,30
4512777,1844,1863,19,"F","StMarys",1863,1,30
4512776,1803,1863,60,"M","StMarys",1863,1,30
4512774,1859,1863,4,"F","StMartins",1863,1,30
4512773,1787,1863,76,"F","StMartins",1863,1,30
4512772,1863,1863,0,"M","StMarys",1863,1,30
4512770,1775,1863,88,"M","Bryher",1863,1,30
4512768,1862,1863,1,"M","StMarys",1863,1,30
4512769,1861,1863,2,"F","StMartins",1863,1,30
4512766,1796,1863,67,"M","StMarys",1863,1,30
4512765,1811,1863,52,"F","Tresco",1863,1,30
4512764,1863,1863,0,"M","StMarys",1863,1,30
4512763,1858,1863,5,"F","StMarys",1863,1,30
4512760,1832,1863,31,"M","StAgnes",1863,1,30
4512759,1798,1863,65,"M","StMarys",1863,1,30
4512758,1863,1863,0,"M","StMarys",1863,1,30
4512757,1831,1863,32,"F","StMarys",1863,1,30
4512756,1782,1863,81,"M","Tresco",1863,1,30
4512755,1861,1863,2,"F","StAgnes",1863,1,30
4512753,1862,1863,1,"M","StMarys",1863,1,30
4512751,1794,1863,69,"F","StMartins",1863,1,30
4512750,1784,1863,79,"M","Tresco",1863,1,30
4512749,1835,1862,27,"F","StMarys",1862,1,29
4512748,1799,1862,63,"F","Tresco",1862,1,29
4512747,1861,1862,1,"F","StMarys",1862,1,29
4512746,1824,1862,38,"F","StMarys",1862,1,29
4512745,1822,1862,40,"F","StMarys",1862,1,29
4512742,1779,1862,83,"M","StMarys",1862,1,29
4512741,1835,1862,27,"F","Tresco",1862,1,29
4512740,1859,1862,3,"M","StMarys",1862,1,29
4512739,1829,1862,33,"F","StMarys",1862,1,29
4512738,1834,1862,28,"F","StMarys",1862,1,29
4512734,1834,1862,28,"M","StMarys",1862,1,29
4512733,1862,1862,0,"M","StMarys",1862,1,29
4512732,1817,1862,45,"F","StMarys",1862,1,29
4512731,1798,1862,64,"M","StMarys",1862,1,29
4512729,1851,1862,11,"F","Tresco",1862,1,29
4512728,1779,1862,83,"M","StMarys",1862,1,29
4512727,1778,1862,84,"F","StMarys",1862,1,29
4512726,1790,1862,72,"F","StMarys",1862,1,29
4512725,1783,1862,79,"F","StAgnes",1862,1,29
4512724,1842,1862,20,"F","StMarys",1862,1,29
4512723,1800,1862,62,"M","StMarys",1862,1,29
4512722,1785,1862,77,"F","StAgnes",1862,1,29
4512721,1838,1862,24,"F","StAgnes",1862,1,29
4512720,1795,1862,67,"F","StMartins",1862,1,29
4512718,1787,1862,75,"M","Tresco",1862,1,29
4512717,1830,1862,32,"F","Tresco",1862,1,29
4512715,1844,1862,18,"F","StMarys",1862,1,29
4512714,1786,1862,76,"F","StMarys",1862,1,29
4512713,1792,1862,70,"F","Tresco",1862,1,29
4512712,1807,1862,55,"F","StMarys",1862,1,29
4512711,1862,1862,0,"F","StMarys",1862,1,29
4512710,1784,1862,78,"M","StMarys",1862,1,29
4512709,1862,1862,0,"M","StMarys",1862,1,29
4512708,1787,1862,75,"F","StMartins",1862,1,29
4512707,1789,1862,73,"M","StMarys",1862,1,29
4512706,1786,1862,76,"M","StMarys",1862,1,29
4512705,1861,1861,0,"F","Tresco",1861,1,28
4512704,1793,1861,68,"M","Bryher",1861,1,28
4512702,1785,1861,76,"F","StMartins",1861,1,28
4512701,1774,1861,87,"F","StMarys",1861,1,28
4512700,1861,1861,0,"M","StMarys",1861,1,28
4512698,1779,1861,82,"F","StMarys",1861,1,28
4512694,1790,1861,71,"M","Tresco",1861,1,28
4512693,1774,1861,87,"M","Tresco",1861,1,28
4512692,1770,1861,91,"M","Tresco",1861,1,28
4512690,1791,1861,70,"F","StMarys",1861,1,28
4512689,1861,1861,0,"F","StMarys",1861,1,28
4512687,1773,1861,88,"F","StMarys",1861,1,28
4512686,1808,1861,53,"F","StMartins",1861,1,28
4512685,1800,1861,61,"M","StMartins",1861,1,28
4512684,1786,1861,75,"F","StMarys",1861,1,28
4512683,1805,1861,56,"F","StMarys",1861,1,28
4512681,1800,1861,61,"M","StMarys",1861,1,28
4512682,1859,1861,2,"F","StMarys",1861,1,28
4512680,1790,1861,71,"F","StMarys",1861,1,28
4512679,1838,1861,23,"M","StMarys",1861,1,28
4512678,1785,1861,76,"M","StMarys",1861,1,28
4512676,1783,1861,78,"F","Tresco",1861,1,28
4512675,1852,1861,9,"M","StMarys",1861,1,28
4512674,1828,1861,33,"M","StMartins",1861,1,28
4512673,1861,1861,0,"M","StMarys",1861,1,28
4512672,1861,1861,0,"F","StMarys",1861,1,28
4512671,1856,1861,5,"M","StMarys",1861,1,28
4512669,1850,1861,11,"M","StAgnes",1861,1,28
4512668,1861,1861,0,"M","StMarys",1861,1,28
4512667,1777,1861,84,"F","StMarys",1861,1,28
4512665,1787,1861,74,"M","StMarys",1861,1,28
4512664,1799,1861,62,"F","StAgnes",1861,1,28
4512663,1827,1861,34,"M","StMarys",1861,1,28
4512662,1855,1861,6,"M","StMarys",1861,1,28
4512661,1837,1860,23,"F","Tresco",1860,1,27
4512660,1860,1860,0,"M","StMarys",1860,1,27
4512659,1791,1860,69,"F","StMarys",1860,1,27
4512658,1794,1860,66,"M","Tresco",1860,1,27
4512656,1820,1860,40,"F","StMarys",1860,1,27
4512654,1837,1860,23,"F","StMarys",1860,1,27
4512652,1860,1860,0,"M","StMarys",1860,1,27
4512648,1839,1860,21,"F","StMarys",1860,1,27
4512647,1860,1860,0,"F","StMarys",1860,1,27
4512646,1860,1860,0,"F","StMarys",1860,1,27
4512645,1860,1860,0,"M","StMarys",1860,1,27
4512643,1808,1860,52,"F","StMarys",1860,1,27
4512642,1779,1860,81,"M","StMarys",1860,1,27
4512641,1835,1860,25,"F","StMarys",1860,1,27
4512638,1836,1860,24,"F","StMarys",1860,1,27
4512637,1860,1860,0,"M","StMartins",1860,1,27
4512634,1784,1860,76,"F","Tresco",1860,1,27
4512633,1839,1860,21,"F","Tresco",1860,1,27
4512629,1800,1860,60,"F","StMarys",1860,1,27
4512626,1860,1860,0,"M","StMarys",1860,1,27
4512625,1778,1860,82,"F","Tresco",1860,1,27
4512623,1796,1860,64,"F","Tresco",1860,1,27
4512622,1848,1860,12,"M","StMarys",1860,1,27
4512619,1803,1860,57,"M","StMarys",1860,1,27
4512616,1794,1860,66,"F","StAgnes",1860,1,27
4512615,1841,1860,19,NA,"StMarys",1860,1,27
4512614,1848,1860,12,"M","StMarys",1860,1,27
4512613,1834,1859,25,"F","StMarys",1859,1,26
4512612,1771,1859,88,"F","StMarys",1859,1,26
4512610,1788,1859,71,"F","StMarys",1859,1,26
4512608,1783,1859,76,"F","StMarys",1859,1,26
4512607,1842,1859,17,"M","StMarys",1859,1,26
4512606,1827,1859,32,"M","StMarys",1859,1,26
4512605,1771,1859,88,"F","StMarys",1859,1,26
4512604,1772,1859,87,"M","StMarys",1859,1,26
4512602,1858,1859,1,"F","StMarys",1859,1,26
4512601,1843,1859,16,"F","Tresco",1859,1,26
4512600,1791,1859,68,"F","StMarys",1859,1,26
4512599,1831,1859,28,"F","Tresco",1859,1,26
4512598,1849,1859,10,"M","StMarys",1859,1,26
4512597,1785,1859,74,"F","StMarys",1859,1,26
4512596,1859,1859,0,"M","StAgnes",1859,1,26
4512593,1857,1859,2,"F","Tresco",1859,1,26
4512584,1821,1859,38,"F","StMarys",1859,1,26
4512583,1792,1859,67,"F","StMarys",1859,1,26
4512581,1773,1859,86,"F","StMarys",1859,1,26
4512578,1781,1859,78,"M","StMarys",1859,1,26
4512577,1856,1859,3,"F","StMarys",1859,1,26
4512576,1826,1859,33,"F","StMarys",1859,1,26
4512575,1849,1859,10,"F","StMarys",1859,1,26
4512574,1785,1859,74,"F","StMarys",1859,1,26
4512573,1811,1859,48,"F","StMarys",1859,1,26
4512572,1859,1859,0,"M","StMarys",1859,1,26
4512571,1771,1858,87,"F","StMarys",1858,1,25
4512570,1836,1858,22,"M","StMarys",1858,1,25
4512569,1778,1858,80,NA,"Bryher",1858,1,25
4512568,1832,1858,26,"M","StMarys",1858,1,25
4512567,1837,1858,21,"M","StMarys",1858,1,25
4512566,1856,1858,2,"M","StMarys",1858,1,25
4512564,1778,1858,80,"F","StMarys",1858,1,25
4512563,1803,1858,55,"M","StMarys",1858,1,25
4512562,1843,1858,15,"M","StMarys",1858,1,25
4512561,1787,1858,71,"F","StMarys",1858,1,25
4512560,1858,1858,0,"M","StMartins",1858,1,25
4512559,1788,1858,70,"F","Tresco",1858,1,25
4512558,1856,1858,2,"M","StMarys",1858,1,25
4512557,1806,1858,52,"M","StMarys",1858,1,25
4512556,1833,1858,25,"F","StMarys",1858,1,25
4512555,1824,1858,34,"F","StMarys",1858,1,25
4512554,1858,1858,0,"M","StMarys",1858,1,25
4512553,1858,1858,0,"M","StMartins",1858,1,25
4512551,1771,1858,87,"F","StMarys",1858,1,25
4512550,1789,1858,69,"M","StMarys",1858,1,25
4512549,1780,1858,78,"F","Tresco",1858,1,25
4512548,1765,1858,93,"F","Bryher",1858,1,25
4512547,1777,1858,81,"M","StMarys",1858,1,25
4512546,1787,1858,71,"F","StMarys",1858,1,25
4512545,1791,1858,67,"F","StMartins",1858,1,25
4512544,1839,1858,19,"F",NA,1858,1,25
4512543,1858,1858,0,"F","StMarys",1858,1,25
4512542,1785,1858,73,"M","StMartins",1858,1,25
4512541,1811,1858,47,"M",NA,1858,1,25
4512539,1830,1858,28,"F","StMarys",1858,1,25
4512538,1792,1858,66,"F","StMarys",1858,1,25
4512536,1800,1858,58,"F","StMarys",1858,1,25
4512535,1844,1858,14,"F","StMarys",1858,1,25
4512534,1813,1858,45,"F","StMarys",1858,1,25
4512532,1858,1858,0,"M","StMarys",1858,1,25
4512531,1857,1857,0,"M","StMarys",1857,1,24
4512530,1813,1857,44,"M","StMarys",1857,1,24
4512529,1795,1857,62,"M","StMarys",1857,1,24
4512528,1818,1857,39,"F","StMartins",1857,1,24
4512527,1856,1857,1,"F","StMarys",1857,1,24
4512525,1857,1857,0,"M","StMarys",1857,1,24
4512523,1816,1857,41,"F","StMarys",1857,1,24
4512521,1851,1857,6,"F","StMarys",1857,1,24
4512520,1769,1857,88,"M","StAgnes",1857,1,24
4512519,1832,1857,25,"M",NA,1857,1,24
4512518,1801,1857,56,"M","StMarys",1857,1,24
4512517,1855,1857,2,"F","StMarys",1857,1,24
4512516,1780,1857,77,"M","StMarys",1857,1,24
4512515,1817,1857,40,"F","StMarys",1857,1,24
4512513,1807,1857,50,"F","Tresco",1857,1,24
4512512,1781,1857,76,"F","Tresco",1857,1,24
4512509,1782,1857,75,"M","StAgnes",1857,1,24
4512508,1772,1857,85,"F","StAgnes",1857,1,24
4512506,1840,1857,17,"F","Tresco",1857,1,24
4512504,1857,1857,0,"F","Tresco",1857,1,24
4512503,1782,1857,75,"F","StMartins",1857,1,24
4512501,1773,1857,84,"F","StMarys",1857,1,24
4512498,1832,1857,25,"F","Tresco",1857,1,24
4512497,1857,1857,0,"M","StMartins",1857,1,24
4512496,1856,1857,1,"F","StMarys",1857,1,24
4512495,1765,1857,92,"M","StMarys",1857,1,24
4512494,1777,1857,80,"F","StMarys",1857,1,24
4512493,1780,1857,77,"F","StMarys",1857,1,24
4512492,1856,1857,1,"M","StMarys",1857,1,24
4512491,1841,1857,16,"M","StMarys",1857,1,24
4512490,1786,1857,71,"M","StMarys",1857,1,24
4512489,1786,1857,71,"F","StMarys",1857,1,24
4512488,1781,1857,76,"F","Tresco",1857,1,24
4512487,1780,1857,77,"M","StMartins",1857,1,24
4512486,1826,1856,30,"F","StMarys",1856,1,23
4512485,1853,1856,3,"M","Tresco",1856,1,23
4512483,1828,1856,28,"M","StAgnes",1856,1,23
4512482,1824,1856,32,"M","StMarys",1856,1,23
4512481,1781,1856,75,"F","StMarys",1856,1,23
4512479,1780,1856,76,"M","StMartins",1856,1,23
4512480,1838,1856,18,"M","StMarys",1856,1,23
4512477,1855,1856,1,"F","StMarys",1856,1,23
4512476,1819,1856,37,"F","Tresco",1856,1,23
4512475,1762,1856,94,"M",NA,1856,1,23
4512474,1800,1856,56,"F","StMartins",1856,1,23
4512473,1804,1856,52,"F","StMarys",1856,1,23
4512472,1803,1856,53,"F","StAgnes",1856,1,23
4512470,1856,1856,0,"F","StMarys",1856,1,23
4512469,1783,1856,73,"F","Sampson",1856,1,23
4512467,1806,1856,50,"M","Tresco",1856,1,23
4512466,1856,1856,0,"F","StMarys",1856,1,23
4512464,1801,1856,55,"F","StMarys",1856,1,23
4512462,1763,1856,93,"M","StMarys",1856,1,23
4512461,1856,1856,0,"M","StMarys",1856,1,23
4512460,1816,1856,40,"M",NA,1856,1,23
4512459,1856,1856,0,"M","StMarys",1856,1,23
4512456,1856,1856,0,"M","Tresco",1856,1,23
4512454,1820,1856,36,"F","Bryher",1856,1,23
4512453,1789,1856,67,"M","Tresco",1856,1,23
4512452,1842,1856,14,"F","StMarys",1856,1,23
4512451,1853,1856,3,"M","StAgnes",1856,1,23
4512450,1781,1856,75,"F","StMarys",1856,1,23
4512449,1799,1856,57,"F","StMarys",1856,1,23
4512448,1856,1856,0,"M","Bryher",1856,1,23
4512447,1783,1856,73,"F","StMarys",1856,1,23
4512446,1848,1856,8,"F","StMarys",1856,1,23
4512445,1822,1856,34,"F","StMarys",1856,1,23
4512444,1814,1856,42,"F","StMarys",1856,1,23
4512443,1777,1856,79,"F","StMarys",1856,1,23
4512442,1782,1856,74,"M","StMarys",1856,1,23
4512441,1830,1855,25,"F","Tresco",1855,1,22
4512440,1851,1855,4,"F","StMarys",1855,1,22
4512439,1802,1855,53,"M","StMarys",1855,1,22
4512438,1772,1855,83,"F","StAgnes",1855,1,22
4512437,1768,1855,87,"F","StMarys",1855,1,22
4512436,1778,1855,77,"M","StMartins",1855,1,22
4512435,1783,1855,72,"F","StMarys",1855,1,22
4512433,1817,1855,38,"F","StMarys",1855,1,22
4512432,1855,1855,0,"F","StMarys",1855,1,22
4512431,1850,1855,5,"M","StMarys",1855,1,22
4512430,1855,1855,0,"F","StMarys",1855,1,22
4512428,1820,1855,35,"F","StMarys",1855,1,22
4512427,1852,1855,3,"M","Tresco",1855,1,22
4512426,1853,1855,2,"F","StMarys",1855,1,22
4512423,1812,1855,43,"M","Tresco",1855,1,22
4512422,1854,1855,1,"F","Tresco",1855,1,22
4512420,1855,1855,0,"M","StMarys",1855,1,22
4512419,1855,1855,0,"M","StAgnes",1855,1,22
4512417,1854,1855,1,"M","StAgnes",1855,1,22
4512416,1775,1855,80,"F","StMarys",1855,1,22
4512414,1819,1855,36,"F","StMartins",1855,1,22
4512413,1853,1855,2,"M","StMarys",1855,1,22
4512412,1796,1855,59,"M","StMarys",1855,1,22
4512410,1820,1855,35,"M","Bryher",1855,1,22
4512409,1781,1855,74,"F","StMarys",1855,1,22
4512408,1768,1855,87,"F","StMarys",1855,1,22
4512405,1826,1855,29,"F","StMarys",1855,1,22
4512404,1855,1855,0,"F","StMarys",1855,1,22
4512403,1847,1855,8,"M","Tresco",1855,1,22
4512402,1842,1855,13,"M","StMarys",1855,1,22
4512401,1770,1855,85,"F","Tresco",1855,1,22
4512400,1790,1855,65,"F","StMarys",1855,1,22
4512399,1806,1855,49,"M","StMarys",1855,1,22
4512398,1824,1855,31,"F","StMarys",1855,1,22
4512397,1779,1855,76,"F","StMarys",1855,1,22
4512396,1776,1855,79,"M","StMarys",1855,1,22
4512395,1789,1855,66,"F","StMarys",1855,1,22
4512392,1767,1855,88,"M","Tresco",1855,1,22
4512391,1771,1855,84,"M","Tresco",1855,1,22
4512390,1777,1855,78,"F","Tresco",1855,1,22
4512389,1766,1854,88,"F","Tresco",1854,1,21
4512388,1854,1854,0,"F","StMarys",1854,1,21
4512387,1839,1854,15,"F","StMarys",1854,1,21
4512386,1833,1854,21,"F","StMartins",1854,1,21
4512385,1785,1854,69,"M","StMarys",1854,1,21
4512384,1853,1854,1,"M","StAgnes",1854,1,21
4512383,1774,1854,80,"M","Tresco",1854,1,21
4512382,1773,1854,81,"F","StAgnes",1854,1,21
4512381,1767,1854,87,"M","StAgnes",1854,1,21
4512378,1777,1854,77,"M","Tresco",1854,1,21
4512379,1819,1854,35,"F","StMarys",1854,1,21
4512377,1854,1854,0,"M","StMartins",1854,1,21
4512376,1796,1854,58,"M","StMarys",1854,1,21
4512375,1779,1854,75,"M","StAgnes",1854,1,21
4512373,1806,1854,48,"F","StMarys",1854,1,21
4512372,1775,1854,79,"M","StMarys",1854,1,21
4512371,1854,1854,0,"F","StMarys",1854,1,21
4512370,1779,1854,75,"F","StMarys",1854,1,21
4512369,1832,1854,22,"M","StMarys",1854,1,21
4512368,1767,1854,87,"M","StMarys",1854,1,21
4512367,1854,1854,0,"M","Tresco",1854,1,21
4512366,1770,1854,84,"F","Tresco",1854,1,21
4512365,1800,1854,54,"M","Sampson",1854,1,21
4512364,1782,1854,72,"M","StAgnes",1854,1,21
4512363,1836,1854,18,"M","StMarys",1854,1,21
4512362,1848,1854,6,"F","StMarys",1854,1,21
4512361,1805,1854,49,"F","StMarys",1854,1,21
4512360,1821,1854,33,"M","Bryher",1854,1,21
4512358,1795,1854,59,"F","Bryher",1854,1,21
4512357,1854,1854,0,"M","StMarys",1854,1,21
4512356,1854,1854,0,"M","StMarys",1854,1,21
4512355,1853,1854,1,"M","StAgnes",1854,1,21
4512354,1791,1854,63,"F","StMarys",1854,1,21
4512353,1850,1854,4,"M","StMarys",1854,1,21
4512352,1853,1854,1,"M","StMarys",1854,1,21
4512351,1761,1854,93,"F","StMarys",1854,1,21
4512350,1828,1854,26,"F","StMarys",1854,1,21
4512349,1841,1854,13,"F","StMarys",1854,1,21
4512348,1798,1854,56,"F","Tresco",1854,1,21
4512347,1763,1853,90,"M","StMarys",1853,1,20
4512346,1788,1853,65,"F","StMarys",1853,1,20
4512345,1770,1853,83,"M","StMarys",1853,1,20
4512343,1785,1853,68,"M","StMarys",1853,1,20
4512342,1771,1853,82,"F","Tresco",1853,1,20
4512341,1835,1853,18,"F","StMarys",1853,1,20
4512340,1853,1853,0,"F","StMarys",1853,1,20
4512339,1853,1853,0,"M","StMarys",1853,1,20
4512338,1822,1853,31,"M",NA,1853,1,20
4512337,1790,1853,63,"F","StMartins",1853,1,20
4512336,1771,1853,82,"M","Tresco",1853,1,20
4512334,1791,1853,62,"M","Bryher",1853,1,20
4512333,1775,1853,78,"F","StMarys",1853,1,20
4512331,1816,1853,37,"F","StMarys",1853,1,20
4512328,1846,1853,7,"M","StMarys",1853,1,20
4512325,1825,1853,28,"M","StMarys",1853,1,20
4512324,1843,1853,10,"F","StMarys",1853,1,20
4512323,1774,1853,79,"F","Bryher",1853,1,20
4512322,1840,1853,13,"F","StMarys",1853,1,20
4512321,1853,1853,0,"M","StMarys",1853,1,20
4512320,1830,1853,23,"F","StAgnes",1853,1,20
4512319,1830,1853,23,"M","Bryher",1853,1,20
4512318,1797,1853,56,"M","StMarys",1853,1,20
4512317,1853,1853,0,"M","StMarys",1853,1,20
4512315,1851,1853,2,"F",NA,1853,1,20
4512314,1763,1853,90,"F","StMartins",1853,1,20
4512313,1815,1853,38,"F","Tresco",1853,1,20
4512311,1853,1853,0,"F","StMarys",1853,1,20
4512310,1767,1853,86,"F","StAgnes",1853,1,20
4512309,1777,1853,76,"M","StMartins",1853,1,20
4512308,1783,1853,70,"F","StAgnes",1853,1,20
4512307,1853,1853,0,"M","StAgnes",1853,1,20
4512306,1777,1853,76,"M","StMarys",1853,1,20
4512299,1774,1853,79,"F","StMarys",1853,1,20
4512298,1853,1853,0,"F","StMarys",1853,1,20
4512297,1769,1853,84,"F","StMarys",1853,1,20
4512296,1803,1853,50,"F","Tresco",1853,1,20
4512295,1769,1853,84,"M","StMarys",1853,1,20
4512294,1766,1853,87,"F","StAgnes",1853,1,20
4512293,1770,1853,83,"M","StMarys",1853,1,20
4512292,1830,1853,23,"F","StMarys",1853,1,20
4512291,1815,1853,38,"M","StMarys",1853,1,20
4512290,1788,1853,65,"M","StMarys",1853,1,20
4512289,1759,1853,94,"M","Tresco",1853,1,20
4512288,1757,1852,95,"F",NA,1852,1,19
4512287,1830,1852,22,"M","StMarys",1852,1,19
4512286,1820,1852,32,"F","StMarys",1852,1,19
4512285,1772,1852,80,"M","Bryher",1852,1,19
4512284,1826,1852,26,"F","StMarys",1852,1,19
4512283,1780,1852,72,"M","StMarys",1852,1,19
4512282,1777,1852,75,"F","StMarys",1852,1,19
4512281,1810,1852,42,"F","StMarys",1852,1,19
4512279,1845,1852,7,"F","Tresco",1852,1,19
4512278,1779,1852,73,"F","StMarys",1852,1,19
4512277,1784,1852,68,"F","StMartins",1852,1,19
4512276,1852,1852,0,"F","StMarys",1852,1,19
4512274,1848,1852,4,"F","StMarys",1852,1,19
4512273,1766,1852,86,"F","StAgnes",1852,1,19
4512272,1804,1852,48,"F","StAgnes",1852,1,19
4512270,1826,1852,26,"F","StMarys",1852,1,19
4512269,1774,1852,78,"F","StMarys",1852,1,19
4512268,1825,1852,27,"F","StMarys",1852,1,19
4512267,1836,1852,16,"F","StMartins",1852,1,19
4512266,1852,1852,0,"M","StMarys",1852,1,19
4512265,1779,1852,73,"M","StMarys",1852,1,19
4512264,1790,1852,62,"F","StMartins",1852,1,19
4512262,1833,1852,19,"M","StMarys",1852,1,19
4512260,1771,1852,81,"F","StMarys",1852,1,19
4512259,1832,1852,20,"M",NA,1852,1,19
4512258,1763,1852,89,"F","StMartins",1852,1,19
4512257,1779,1852,73,"F","StMartins",1852,1,19
4512255,1831,1852,21,"M","StMarys",1852,1,19
4512253,1852,1852,0,"F","StMarys",1852,1,19
4512252,1763,1852,89,"F","StMarys",1852,1,19
4512250,1774,1852,78,"M","StMarys",1852,1,19
4512249,1817,1852,35,"M","StMarys",1852,1,19
4512247,1806,1852,46,"M","Tresco",1852,1,19
4512246,1793,1852,59,"F","StMarys",1852,1,19
4512245,1800,1852,52,"M","StMarys",1852,1,19
4512244,1770,1852,82,"F","StAgnes",1852,1,19
4512243,1852,1852,0,"M","Tresco",1852,1,19
4512242,1852,1852,0,"M","StAgnes",1852,1,19
4512241,1827,1852,25,"M","StMarys",1852,1,19
4512240,1779,1852,73,"M","StMartins",1852,1,19
4512239,1765,1851,86,"F","StMartins",1851,1,18
4512238,1780,1851,71,"F","StMarys",1851,1,18
4512237,1770,1851,81,"M","StMarys",1851,1,18
4512236,1808,1851,43,"M","Sampson",1851,1,18
4512235,1768,1851,83,"F","StMarys",1851,1,18
4512234,1820,1851,31,"F","StAgnes",1851,1,18
4512233,1784,1851,67,"M","StMarys",1851,1,18
4512229,1851,1851,0,"F","StMarys",1851,1,18
4512227,1834,1851,17,"M","StMarys",1851,1,18
4512228,1779,1851,72,"F","StMarys",1851,1,18
4512226,1786,1851,65,"F","Bryher",1851,1,18
4512224,1780,1851,71,"M","Tresco",1851,1,18
4512225,1781,1851,70,"M","StMarys",1851,1,18
4512222,1772,1851,79,"M","StMarys",1851,1,18
4512223,1829,1851,22,"F","StMarys",1851,1,18
4512221,1808,1851,43,"F","StAgnes",1851,1,18
4512219,1840,1851,11,"F","StMarys",1851,1,18
4512220,1776,1851,75,"M","StMarys",1851,1,18
4512218,1775,1851,76,"F","StMartins",1851,1,18
4512216,1775,1851,76,"F","StMarys",1851,1,18
4512217,1771,1851,80,"F","StMarys",1851,1,18
4512215,1771,1851,80,"F","StMartins",1851,1,18
4512212,1814,1851,37,"F","StMarys",1851,1,18
4512211,1799,1851,52,"M","StMarys",1851,1,18
4512209,1769,1851,82,"M","StMarys",1851,1,18
4512210,1778,1851,73,"F","StMarys",1851,1,18
4512208,1769,1851,82,"M","StMartins",1851,1,18
4512206,1818,1851,33,"M","StMarys",1851,1,18
4512207,1775,1851,76,"M","StMarys",1851,1,18
4512205,1769,1851,82,"F","StMarys",1851,1,18
4512203,1850,1851,1,"M","StMarys",1851,1,18
4512204,1763,1851,88,"M","StMarys",1851,1,18
4512201,1850,1851,1,"F","StMarys",1851,1,18
4512200,1851,1851,0,"F","StMartins",1851,1,18
4512198,1850,1850,0,"M","StAgnes",1850,1,17
4512199,1825,1851,26,"F","StMarys",1851,1,18
4512197,1805,1850,45,"F","StMarys",1850,1,17
4512195,1850,1850,0,"M","StMarys",1850,1,17
4512196,1848,1850,2,"M","StMarys",1850,1,17
4512194,1794,1850,56,"F","StMarys",1850,1,17
4512192,1850,1850,0,"F","Tresco",1850,1,17
4512193,1828,1850,22,"M",NA,1850,1,17
4512190,1768,1850,82,"F","Tresco",1850,1,17
4512191,1850,1850,0,"F","Tresco",1850,1,17
4512188,1836,1850,14,"M","StMarys",1850,1,17
4512189,1793,1850,57,"F","StMarys",1850,1,17
4512186,1796,1850,54,"F","StMarys",1850,1,17
4512184,1763,1850,87,"F","StMartins",1850,1,17
4512183,1838,1850,12,"F","StMarys",1850,1,17
4512182,1792,1850,58,"M","StMarys",1850,1,17
4512181,1773,1850,77,"F","StMarys",1850,1,17
4512178,1785,1850,65,"F","StMarys",1850,1,17
4512177,1776,1850,74,"F","Bryher",1850,1,17
4512176,1787,1850,63,"F","Tresco",1850,1,17
4512175,1846,1850,4,"M","StMarys",1850,1,17
4512174,1850,1850,0,"M","StMarys",1850,1,17
4512173,1848,1850,2,"F","StMarys",1850,1,17
4512172,1850,1850,0,"M","StMarys",1850,1,17
4512171,1847,1850,3,"M","StMartins",1850,1,17
4512170,1782,1850,68,"F","StMarys",1850,1,17
4512169,1847,1850,3,"M","StMartins",1850,1,17
4512168,1832,1850,18,"M","StMarys",1850,1,17
4512167,1847,1850,3,"M","StMarys",1850,1,17
4512166,1849,1850,1,"F","StMarys",1850,1,17
4512164,1849,1850,1,"F","StMarys",1850,1,17
4512163,1826,1850,24,"M","StMarys",1850,1,17
4512161,1834,1850,16,"F","StAgnes",1850,1,17
4512160,1782,1850,68,"M","StMarys",1850,1,17
4512159,1849,1850,1,"M","StMarys",1850,1,17
4512158,1766,1850,84,"F","Tresco",1850,1,17
4512157,1835,1850,15,"F","StMarys",1850,1,17
4512156,1849,1850,1,"M","StMarys",1850,1,17
4512155,1843,1850,7,"F","StMarys",1850,1,17
4512154,1850,1850,0,"M","StMarys",1850,1,17
4512153,1791,1850,59,"M","StMartins",1850,1,17
4512152,1848,1850,2,"M","StMarys",1850,1,17
4512151,1766,1850,84,"M","StAgnes",1850,1,17
4512150,1781,1849,68,"F","Bryher",1849,1,16
4512149,1810,1849,39,"F","StMarys",1849,1,16
4512148,1780,1849,69,"M","StMarys",1849,1,16
4512147,1786,1849,63,"M","StMarys",1849,1,16
4512146,1781,1849,68,"F","StMarys",1849,1,16
4512144,1822,1849,27,"F",NA,1849,1,16
4512141,1792,1849,57,"F","StMarys",1849,1,16
4512140,1786,1849,63,"F","StMarys",1849,1,16
4512138,1796,1849,53,"M","StMarys",1849,1,16
4512137,1791,1849,58,"F","StMarys",1849,1,16
4512136,1811,1849,38,"F","StMarys",1849,1,16
4512135,1764,1849,85,"F","StMartins",1849,1,16
4512134,1786,1849,63,"M","StMarys",1849,1,16
4512133,1817,1849,32,"M",NA,1849,1,16
4512130,1797,1849,52,"M",NA,1849,1,16
4512129,1807,1849,42,"M","Tresco",1849,1,16
4512128,1758,1849,91,"F","StMarys",1849,1,16
4512127,1817,1849,32,"F","StMarys",1849,1,16
4512126,1773,1849,76,"M","StMarys",1849,1,16
4512125,1848,1849,1,"M","StMarys",1849,1,16
4512124,1774,1849,75,"F","StMarys",1849,1,16
4512122,1792,1849,57,"M","StMarys",1849,1,16
4512121,1849,1849,0,"M","StMarys",1849,1,16
4512117,1808,1849,41,"F","StMarys",1849,1,16
4512115,1825,1849,24,"F","StMarys",1849,1,16
4512114,1846,1849,3,"M","StMarys",1849,1,16
4512113,1796,1849,53,"F","Tresco",1849,1,16
4512111,1759,1849,90,"F","StMartins",1849,1,16
4512110,1783,1849,66,"F","Bryher",1849,1,16
4512109,1843,1849,6,"M","StMarys",1849,1,16
4512108,1774,1849,75,"M","StMarys",1849,1,16
4512106,1775,1849,74,"F","Tresco",1849,1,16
4512105,1845,1849,4,"F","StMartins",1849,1,16
4512101,1785,1849,64,"F","StMartins",1849,1,16
4512100,1775,1849,74,"M","StMarys",1849,1,16
4512095,1847,1848,1,"F","StMarys",1848,1,15
4512094,1765,1848,83,"M","StMarys",1848,1,15
4512093,1771,1848,77,"F","StMartins",1848,1,15
4512092,1782,1848,66,"M","StMarys",1848,1,15
4512091,1785,1848,63,"M","Tresco",1848,1,15
4512088,1847,1848,1,"M","StMarys",1848,1,15
4512087,1796,1848,52,"M","Tresco",1848,1,15
4512086,1751,1848,97,"F","StMarys",1848,1,15
4512085,1774,1848,74,"F","StMarys",1848,1,15
4512084,1793,1848,55,"M","StMarys",1848,1,15
4512083,1802,1848,46,"F","Tresco",1848,1,15
4512082,1839,1848,9,"F","Tresco",1848,1,15
4512080,1777,1848,71,"M","Tresco",1848,1,15
4512079,1784,1848,64,"F","Tresco",1848,1,15
4512078,1803,1848,45,"M",NA,1848,1,15
4512077,1843,1848,5,"F","Tresco",1848,1,15
4512075,1827,1848,21,"F","StMarys",1848,1,15
4512074,1848,1848,0,"M","StMarys",1848,1,15
4512073,1848,1848,0,NA,"StMarys",1848,1,15
4512072,1784,1848,64,"F","StMarys",1848,1,15
4512071,1784,1848,64,"M","Tresco",1848,1,15
4512070,1790,1848,58,"F","Tresco",1848,1,15
4512069,1835,1848,13,"F","StMarys",1848,1,15
4512067,1773,1848,75,"F","StMarys",1848,1,15
4512065,1800,1848,48,"M","StAgnes",1848,1,15
4512062,1786,1848,62,"F",NA,1848,1,15
4512060,1785,1848,63,"F","StMarys",1848,1,15
4512059,1802,1848,46,"F","StMarys",1848,1,15
4512057,1848,1848,0,"F","StMarys",1848,1,15
4512056,1827,1848,21,"F","Tresco",1848,1,15
4512055,1783,1848,65,"M","StMarys",1848,1,15
4512054,1763,1848,85,"M","StMarys",1848,1,15
4512053,1848,1848,0,"F","StMarys",1848,1,15
4512052,1774,1848,74,"F","Tresco",1848,1,15
4512051,1847,1847,0,"F","Tresco",1847,1,14
4512050,1765,1847,82,"F","StMarys",1847,1,14
4512049,1801,1847,46,"F","StMarys",1847,1,14
4512048,1765,1847,82,"M","StMarys",1847,1,14
4512046,1831,1847,16,"M",NA,1847,1,14
4512045,1804,1847,43,"M","StMarys",1847,1,14
4512044,1787,1847,60,"F",NA,1847,1,14
4512043,1800,1847,47,"F","StMarys",1847,1,14
4512042,1763,1847,84,"F","StMarys",1847,1,14
4512041,1838,1847,9,"F","StMarys",1847,1,14
4512038,1846,1847,1,"M","Tresco",1847,1,14
4512039,1829,1847,18,"F","Tresco",1847,1,14
4512036,1847,1847,0,"M","StAgnes",1847,1,14
4512035,1820,1847,27,"M","StMarys",1847,1,14
4512034,1847,1847,0,"M","StMarys",1847,1,14
4512033,1847,1847,0,"F",NA,1847,1,14
4512031,1773,1847,74,"M","Tresco",1847,1,14
4512030,1766,1847,81,"F","Tresco",1847,1,14
4512029,1770,1847,77,"M","StMarys",1847,1,14
4512027,1756,1847,91,"M","StMarys",1847,1,14
4512025,1765,1847,82,"M","StMartins",1847,1,14
4512024,1847,1847,0,"F","StMartins",1847,1,14
4512022,1765,1847,82,"M","Tresco",1847,1,14
4512023,1799,1847,48,"F","Tresco",1847,1,14
4512017,1824,1847,23,"M","StMarys",1847,1,14
4512016,1780,1847,67,"F","StMarys",1847,1,14
4512015,1847,1847,0,"M","StMarys",1847,1,14
4512014,1765,1847,82,"F","StAgnes",1847,1,14
4512013,1767,1847,80,"F","StMarys",1847,1,14
4512012,1761,1847,86,"F","Bryher",1847,1,14
4512011,1777,1847,70,"M","StMartins",1847,1,14
4512010,1821,1847,26,"M","Tresco",1847,1,14
4512009,1774,1847,73,"F","StMarys",1847,1,14
4512008,1796,1847,51,"M","StMarys",1847,1,14
4512007,1797,1847,50,"F","StMartins",1847,1,14
4512006,1846,1847,1,"F","StMarys",1847,1,14
4512005,1847,1847,0,"F","StMarys",1847,1,14
4512004,1773,1847,74,"M","StMarys",1847,1,14
4512002,1824,1847,23,"F","StMarys",1847,1,14
4512001,1808,1847,39,"F","StMarys",1847,1,14
4512000,1754,1846,92,"M","Tresco",1846,1,13
4511998,1761,1846,85,"M","StMarys",1846,1,13
4511997,1776,1846,70,"F","StMarys",1846,1,13
4511996,1818,1846,28,"M","StMarys",1846,1,13
4511995,1846,1846,0,"M","StMarys",1846,1,13
4511994,1846,1846,0,"M","StMarys",1846,1,13
4511993,1846,1846,0,"F","StMarys",1846,1,13
4511992,1846,1846,0,"F","Tresco",1846,1,13
4511990,1846,1846,0,"F","StMarys",1846,1,13
4511989,1783,1846,63,"F","StMarys",1846,1,13
4511988,1841,1846,5,"M","StMarys",1846,1,13
4511986,1834,1846,12,"M","StMarys",1846,1,13
4511987,1841,1846,5,"F","Tresco",1846,1,13
4511985,1767,1846,79,"F","StMarys",1846,1,13
4511984,1793,1846,53,"F","Bryher",1846,1,13
4511983,1764,1846,82,"F","StMarys",1846,1,13
4511981,1774,1846,72,"F","StMarys",1846,1,13
4511980,1761,1846,85,"M","StMarys",1846,1,13
4511979,1838,1846,8,"F","StMarys",1846,1,13
4511978,1827,1846,19,"M",NA,1846,1,13
4511977,1779,1846,67,"F","StMarys",1846,1,13
4511976,1799,1846,47,"F","Bryher",1846,1,13
4511975,1845,1846,1,"M","Tresco",1846,1,13
4511974,1800,1846,46,"M","StMartins",1846,1,13
4511972,1842,1846,4,"F","StMarys",1846,1,13
4511971,1780,1846,66,"F","Sampson",1846,1,13
4511969,1780,1846,66,"F","StMarys",1846,1,13
4511970,1761,1846,85,"M","StMarys",1846,1,13
4511967,1814,1846,32,"F","Tresco",1846,1,13
4511968,1846,1846,0,"M","StMarys",1846,1,13
4511966,1836,1846,10,"F","StMarys",1846,1,13
4511965,1767,1846,79,"F","StMartins",1846,1,13
4511964,1835,1846,11,"F","StMarys",1846,1,13
4511963,1846,1846,0,"F","StMarys",1846,1,13
4511962,1831,1845,14,"F","StMarys",1845,1,12
4511961,1816,1845,29,"F","Tresco",1845,1,12
4511960,1811,1845,34,"M","StMarys",1845,1,12
4511959,1822,1845,23,"F","StMarys",1845,1,12
4511958,1769,1845,76,"F","StMarys",1845,1,12
4511957,1762,1845,83,"F","StMarys",1845,1,12
4511955,1783,1845,62,"M","StMarys",1845,1,12
4511954,1809,1845,36,"M","StMarys",1845,1,12
4511952,1798,1845,47,"F","StMarys",1845,1,12
4511951,1844,1845,1,"M","StMarys",1845,1,12
4511950,1777,1845,68,"F","Sampson",1845,1,12
4511949,1845,1845,0,"F","Tresco",1845,1,12
4511948,1794,1845,51,"M",NA,1845,1,12
4511947,1773,1845,72,"F","Tresco",1845,1,12
4511946,1769,1845,76,"M","Tresco",1845,1,12
4511945,1787,1845,58,"F","StMarys",1845,1,12
4511944,1780,1845,65,"F","StAgnes",1845,1,12
4511943,1842,1845,3,"F","StAgnes",1845,1,12
4511942,1768,1845,77,"F","StMarys",1845,1,12
4511941,1767,1845,78,"F","StMarys",1845,1,12
4511940,1824,1845,21,"F","StAgnes",1845,1,12
4511938,1844,1845,1,"M","Tresco",1845,1,12
4511939,1841,1845,4,"M","Tresco",1845,1,12
4511937,1767,1845,78,"F","Tresco",1845,1,12
4511936,1843,1845,2,"F","StMarys",1845,1,12
4511935,1825,1845,20,"F","StAgnes",1845,1,12
4511934,1845,1845,0,"F","StMarys",1845,1,12
4511933,1821,1845,24,"M","StMarys",1845,1,12
4511932,1821,1845,24,"F","StMarys",1845,1,12
4511931,1845,1845,0,"F","StMarys",1845,1,12
4511930,1763,1844,81,"F","Tresco",1844,1,11
4511928,1839,1844,5,"M","StMarys",1844,1,11
4511927,1820,1844,24,"F","StAgnes",1844,1,11
4511926,1843,1844,1,"M","StMarys",1844,1,11
4511924,1841,1844,3,"M","StMarys",1844,1,11
4511923,1785,1844,59,"F","StMarys",1844,1,11
4511922,1821,1844,23,"M","Tresco",1844,1,11
4511921,1844,1844,0,"F","StMarys",1844,1,11
4511920,1793,1844,51,"F","StMarys",1844,1,11
4511919,1829,1844,15,"M","Tresco",1844,1,11
4511918,1831,1844,13,"M","Tresco",1844,1,11
4511917,1766,1844,78,"M","Tresco",1844,1,11
4511916,1760,1844,84,"F","StMartins",1844,1,11
4511915,1844,1844,0,"M","StMarys",1844,1,11
4511913,1838,1844,6,"M","StMarys",1844,1,11
4511911,1840,1844,4,"F","StMarys",1844,1,11
4511910,1767,1844,77,"M","StMarys",1844,1,11
4511909,1843,1844,1,"M","StAgnes",1844,1,11
4511908,1760,1844,84,"F","StMarys",1844,1,11
4511907,1844,1844,0,"M","StMarys",1844,1,11
4511905,1842,1844,2,"M","StMarys",1844,1,11
4511906,1836,1844,8,"F","StMarys",1844,1,11
4511903,1812,1844,32,"M","StMarys",1844,1,11
4511904,1760,1844,84,"M","StMarys",1844,1,11
4511902,1844,1844,0,"M","StMarys",1844,1,11
4511900,1797,1844,47,"F","StMarys",1844,1,11
4511899,1841,1844,3,"M","StMarys",1844,1,11
4511898,1796,1844,48,"M","Tresco",1844,1,11
4511897,1771,1844,73,"F","Tresco",1844,1,11
4511896,1786,1844,58,"F","StMarys",1844,1,11
4511895,1839,1844,5,"M","StMarys",1844,1,11
4511894,1841,1844,3,"F","StMarys",1844,1,11
4511893,1844,1844,0,"F","StMarys",1844,1,11
4511891,1842,1844,2,"F","StMarys",1844,1,11
4511890,1836,1844,8,"F","StMarys",1844,1,11
4511889,1837,1844,7,"M","StMarys",1844,1,11
4511888,1778,1844,66,"M","Tresco",1844,1,11
4511887,1843,1844,1,"F","Tresco",1844,1,11
4511886,1840,1844,4,"M","StMarys",1844,1,11
4511885,1844,1844,0,"F","StMarys",1844,1,11
4511884,1829,1844,15,"M","StMarys",1844,1,11
4511883,1844,1844,0,"F","StMarys",1844,1,11
4511882,1787,1844,57,"F","StMarys",1844,1,11
4511881,1786,1844,58,"M","Tresco",1844,1,11
4511880,1774,1844,70,"M","StMarys",1844,1,11
4511877,1765,1844,79,"M","StAgnes",1844,1,11
4511873,1841,1844,3,"M","StMarys",1844,1,11
4511872,1838,1844,6,"M","StMarys",1844,1,11
4511870,1843,1844,1,"F","StMarys",1844,1,11
4511868,1839,1844,5,"M","StMarys",1844,1,11
4511867,1800,1844,44,"M","Tresco",1844,1,11
4511866,1838,1844,6,"M","StMarys",1844,1,11
4511865,1755,1844,89,"M","StMarys",1844,1,11
4511864,1747,1844,97,"F","StMarys",1844,1,11
4511862,1809,1843,34,"F","StMarys",1843,1,10
4511861,1824,1843,19,"M","StMarys",1843,1,10
4511860,1763,1843,80,"F","Tresco",1843,1,10
4511859,1761,1843,82,"F","Tresco",1843,1,10
4511858,1771,1843,72,"M","Tresco",1843,1,10
4511857,1838,1843,5,NA,"Tresco",1843,1,10
4511853,1761,1843,82,"F","StMarys",1843,1,10
4511851,1751,1843,92,"M","StMarys",1843,1,10
4511849,1819,1843,24,"F",NA,1843,1,10
4511847,1841,1843,2,"F","Tresco",1843,1,10
4511846,1841,1843,2,"F","Tresco",1843,1,10
4511844,1843,1843,0,"M","Tresco",1843,1,10
4511843,1843,1843,0,"F","Tresco",1843,1,10
4511842,1787,1843,56,"M","StMarys",1843,1,10
4511841,1823,1843,20,"M","StMartins",1843,1,10
4511840,1771,1843,72,"M","StMarys",1843,1,10
4511838,1834,1843,9,"M","StMartins",1843,1,10
4511835,1790,1843,53,"F","StMarys",1843,1,10
4511834,1826,1843,17,"F","StMarys",1843,1,10
4511831,1843,1843,0,"F","Tresco",1843,1,10
4511829,1819,1843,24,"F","StMarys",1843,1,10
4511828,1787,1843,56,"F","StMarys",1843,1,10
4511823,1827,1843,16,"F","StAgnes",1843,1,10
4511821,1810,1842,32,"F","Tresco",1842,1,9
4511820,1808,1842,34,"M","StAgnes",1842,1,9
4511818,1842,1842,0,"F","StMarys",1842,1,9
4511816,1760,1842,82,"M","Bryher",1842,1,9
4511817,1768,1842,74,"F","StMarys",1842,1,9
4511815,1776,1842,66,"M","StMarys",1842,1,9
4511812,1808,1842,34,"M","StAgnes",1842,1,9
4511811,1766,1842,76,"M","StMarys",1842,1,9
4511810,1842,1842,0,"F","StMartins",1842,1,9
4511809,1842,1842,0,"M","StAgnes",1842,1,9
4511808,1841,1842,1,"M","StMarys",1842,1,9
4511807,1787,1842,55,"F","Bryher",1842,1,9
4511806,1838,1842,4,"M","StMarys",1842,1,9
4511805,1789,1842,53,"M","StMarys",1842,1,9
4511804,1842,1842,0,"M","StMarys",1842,1,9
4511803,1836,1842,6,"F","StMarys",1842,1,9
4511801,1812,1842,30,NA,"StMarys",1842,1,9
4511800,1842,1842,0,"F","Tresco",1842,1,9
4511798,1821,1842,21,"M","StMarys",1842,1,9
4511797,1820,1842,22,"M","Bryher",1842,1,9
4511795,1819,1842,23,"M","Tresco",1842,1,9
4511793,1769,1842,73,"F","StMarys",1842,1,9
4511792,1767,1842,75,"F","StMarys",1842,1,9
4511791,1770,1842,72,"M","StMarys",1842,1,9
4511790,1754,1842,88,"F","StMarys",1842,1,9
4511789,1755,1842,87,"M","StMarys",1842,1,9
4511788,1766,1842,76,"M","StMarys",1842,1,9
4511787,1789,1842,53,"M","StMarys",1842,1,9
4511786,1765,1842,77,"F","Tresco",1842,1,9
4511783,1774,1841,67,"M","StMarys",1841,1,8
4511782,1839,1841,2,"F","StMarys",1841,1,8
4511781,1775,1841,66,"M","StMarys",1841,1,8
4511780,1767,1841,74,"F","StMarys",1841,1,8
4511779,1841,1841,0,"M","Tresco",1841,1,8
4511778,1764,1841,77,"F","StMartins",1841,1,8
4511777,1759,1841,82,"F","StMarys",1841,1,8
4511776,1828,1841,13,"F","StMarys",1841,1,8
4511775,1773,1841,68,"F","StMarys",1841,1,8
4511774,1773,1841,68,"M","Tresco",1841,1,8
4511773,1778,1841,63,"M","StMarys",1841,1,8
4511772,1841,1841,0,"M","StMarys",1841,1,8
4511771,1837,1841,4,"F","StMarys",1841,1,8
4511770,1801,1841,40,"F","StMarys",1841,1,8
4511769,1783,1841,58,"F","Tresco",1841,1,8
4511768,1841,1841,0,"F","StMarys",1841,1,8
4511767,1841,1841,0,"F","Tresco",1841,1,8
4511766,1770,1841,71,"M","Tresco",1841,1,8
4511764,1817,1841,24,"M",NA,1841,1,8
4511762,1768,1841,73,"M","StMartins",1841,1,8
4511760,1820,1841,21,"M","StMarys",1841,1,8
4511759,1771,1841,70,"F","StMarys",1841,1,8
4511750,1770,1840,70,"F","Tresco",1840,1,7
4511749,1769,1840,71,"M","Tresco",1840,1,7
4511748,1805,1840,35,"F","Tresco",1840,1,7
4511747,1756,1840,84,"M","StMarys",1840,1,7
4511745,1777,1840,63,"M","StMarys",1840,1,7
4511744,1759,1840,81,"M","StMarys",1840,1,7
4511742,1812,1840,28,"M","StMarys",1840,1,7
4511741,1809,1840,31,"F","StAgnes",1840,1,7
4511740,1837,1840,3,"F","StMarys",1840,1,7
4511739,1782,1840,58,"M","StMarys",1840,1,7
4511738,1840,1840,0,"M","StMarys",1840,1,7
4511736,1790,1840,50,"M","Tresco",1840,1,7
4511734,1765,1840,75,"M","Tresco",1840,1,7
4511733,1816,1840,24,"M",NA,1840,1,7
4511732,1774,1840,66,"F","StMarys",1840,1,7
4511731,1840,1840,0,"M","StMarys",1840,1,7
4511728,1758,1840,82,"M","StMarys",1840,1,7
4511723,1748,1840,92,"F","StMarys",1840,1,7
4511722,1840,1840,0,"F","StMarys",1840,1,7
4511721,1839,1840,1,"M","StMarys",1840,1,7
4511720,1785,1840,55,"M","StMartins",1840,1,7
4511719,1776,1840,64,"M","StMarys",1840,1,7
4511718,1773,1840,67,"F","StMarys",1840,1,7
4511717,1777,1840,63,"F","StMarys",1840,1,7
4511716,1839,1839,0,"F","Tresco",1839,1,6
4511714,1780,1839,59,"F","Tresco",1839,1,6
4511715,1762,1839,77,"F","Tresco",1839,1,6
4511713,1767,1839,72,"M","StMarys",1839,1,6
4511712,1751,1839,88,"F","StAgnes",1839,1,6
4511711,1767,1839,72,"M","StMarys",1839,1,6
4511710,1783,1839,56,"M","StMarys",1839,1,6
4511709,1771,1839,68,"M","StMarys",1839,1,6
4511708,1748,1839,91,"M","StMarys",1839,1,6
4511706,1792,1839,47,"M","StMarys",1839,1,6
4511705,1839,1839,0,"M","StMarys",1839,1,6
4511704,1757,1839,82,"M","StMartins",1839,1,6
4511703,1823,1839,16,"M","StMarys",1839,1,6
4511700,1766,1839,73,"M","StMarys",1839,1,6
4511698,1768,1839,71,"F","StMarys",1839,1,6
4511697,1752,1839,87,"M","StMarys",1839,1,6
4511696,1783,1839,56,"F","StMarys",1839,1,6
4511695,1825,1838,13,"M","Tresco",1838,1,5
4511694,1834,1838,4,"M","Tresco",1838,1,5
4511693,1760,1838,78,"M","Tresco",1838,1,5
4511691,1838,1838,0,"F","StMarys",1838,1,5
4511692,1755,1838,83,"M","StMarys",1838,1,5
4511690,1765,1838,73,"F","StMarys",1838,1,5
4511689,1823,1838,15,"M","StMarys",1838,1,5
4511688,1764,1838,74,"M","StMarys",1838,1,5
4511687,1773,1838,65,"M","StMarys",1838,1,5
4511686,1788,1838,50,"F","StMarys",1838,1,5
4511685,1761,1838,77,"F","StMarys",1838,1,5
4511684,1771,1838,67,"F","StAgnes",1838,1,5
4511683,1838,1838,0,"F","StAgnes",1838,1,5
4511681,1800,1838,38,"F","StMarys",1838,1,5
4511680,1758,1838,80,"M","StMarys",1838,1,5
4511679,1798,1838,40,"F","StMarys",1838,1,5
4511678,1834,1838,4,"F","StMarys",1838,1,5
4511676,1756,1838,82,"F","Tresco",1838,1,5
4511677,1832,1838,6,"M","Tresco",1838,1,5
4511675,1766,1838,72,"M","Tresco",1838,1,5
4511674,1835,1838,3,"F","Tresco",1838,1,5
4511673,1836,1838,2,"M","Tresco",1838,1,5
4511672,1833,1838,5,"F","Tresco",1838,1,5
4511671,1837,1838,1,"F","Tresco",1838,1,5
4511670,1834,1838,4,"M","Tresco",1838,1,5
4511668,1832,1838,6,"F","Tresco",1838,1,5
4511669,1835,1838,3,"F","Tresco",1838,1,5
4511667,1838,1838,0,"F","Tresco",1838,1,5
4511666,1767,1838,71,"F","Tresco",1838,1,5
4511665,1787,1838,51,"M","Tresco",1838,1,5
4511664,1765,1838,73,"M","Tresco",1838,1,5
4511660,1838,1838,0,"M","StMarys",1838,1,5
4511659,1787,1838,51,"M","StMarys",1838,1,5
4511658,1766,1838,72,"F","StMarys",1838,1,5
4511657,1775,1838,63,"F","StMarys",1838,1,5
4511655,1836,1838,2,"F","StMarys",1838,1,5
4511656,1837,1838,1,"F","StMarys",1838,1,5
4511653,1783,1838,55,"F","StMarys",1838,1,5
4511652,1819,1838,19,"F","StMartins",1838,1,5
4511650,1768,1838,70,"M","StMarys",1838,1,5
4511649,1838,1838,0,"M","StMartins",1838,1,5
4511647,1820,1837,17,"F","Tresco",1837,1,4
4511646,1837,1837,0,"F","StMarys",1837,1,4
4511644,1760,1837,77,"M","StMarys",1837,1,4
4511643,1769,1837,68,"M","StMarys",1837,1,4
4511640,1835,1837,2,"F","Tresco",1837,1,4
4511641,1810,1837,27,"F","StMarys",1837,1,4
4511639,1749,1837,88,"M","Tresco",1837,1,4
4511638,1765,1837,72,"F","Tresco",1837,1,4
4511637,1814,1837,23,"F",NA,1837,1,4
4511635,1806,1837,31,"F","StMarys",1837,1,4
4511634,1822,1837,15,"M","StMarys",1837,1,4
4511633,1776,1837,61,"F","StMarys",1837,1,4
4511632,1811,1837,26,"M",NA,1837,1,4
4511631,1775,1837,62,"F","StMarys",1837,1,4
4511630,1812,1837,25,"M","StMarys",1837,1,4
4511629,1822,1837,15,"M","StMarys",1837,1,4
4511628,1803,1837,34,"M","StMarys",1837,1,4
4511627,1776,1837,61,"F","StMarys",1837,1,4
4511625,1746,1837,91,"M","StMarys",1837,1,4
4511624,1755,1837,82,"F","StMarys",1837,1,4
4511622,1757,1837,80,"M","StMarys",1837,1,4
4511623,1758,1837,79,"F","StMarys",1837,1,4
4511621,1757,1837,80,"M","StMarys",1837,1,4
4511620,1747,1837,90,"F","StMarys",1837,1,4
4511619,1814,1837,23,"M","StMarys",1837,1,4
4511618,1796,1837,41,"M","StMarys",1837,1,4
4511617,1822,1837,15,"M","StMarys",1837,1,4
4511616,1837,1837,0,"M","StMarys",1837,1,4
4511614,1774,1836,62,"M","StMarys",1836,1,3
4511615,1788,1836,48,"M","StMarys",1836,1,3
4511613,1766,1836,70,"F","StMarys",1836,1,3
4511612,1786,1836,50,"M","Tresco",1836,1,3
4511611,1788,1836,48,"F","Tresco",1836,1,3
4511610,1788,1836,48,"M","Tresco",1836,1,3
4511607,1755,1836,81,"F","Tresco",1836,1,3
4511606,1834,1836,2,"M","StMarys",1836,1,3
4511605,1777,1836,59,"F",NA,1836,1,3
4511604,1792,1836,44,"M","StMarys",1836,1,3
4511603,1836,1836,0,"M","StMarys",1836,1,3
4511602,1808,1836,28,"M","StMarys",1836,1,3
4511601,1798,1836,38,"M","StMarys",1836,1,3
4511600,1812,1836,24,"M",NA,1836,1,3
4511599,1805,1836,31,"M",NA,1836,1,3
4511598,1817,1836,19,"M",NA,1836,1,3
4511597,1812,1836,24,"M",NA,1836,1,3
4511596,1815,1836,21,"M",NA,1836,1,3
4511595,1814,1836,22,"M",NA,1836,1,3
4511594,1781,1836,55,"M","StMarys",1836,1,3
4511593,1823,1836,13,"F","StMarys",1836,1,3
4511592,1746,1836,90,"M","StMarys",1836,1,3
4511591,1799,1836,37,"M","StMarys",1836,1,3
4511590,1780,1836,56,"M","StMarys",1836,1,3
4511589,1754,1836,82,"M","StMarys",1836,1,3
4511588,1799,1836,37,"F","StMarys",1836,1,3
4511587,1836,1836,0,"M","Sampson",1836,1,3
4511586,1836,1836,0,"F","StMarys",1836,1,3
4511585,1750,1836,86,"F","StAgnes",1836,1,3
4511582,1833,1836,3,"M","StAgnes",1836,1,3
4511581,1835,1835,0,"M","StMarys",1835,1,2
4511580,1830,1835,5,"M","StMarys",1835,1,2
4511579,1759,1835,76,NA,"StMarys",1835,1,2
4511578,1757,1835,78,"M","StMarys",1835,1,2
4511577,1825,1835,10,"F","StMarys",1835,1,2
4511576,1773,1835,62,"F","StMarys",1835,1,2
4511575,1835,1835,0,"M","StMarys",1835,1,2
4511573,1796,1835,39,"F","StMartins",1835,1,2
4511572,1750,1835,85,"M","StMarys",1835,1,2
4511571,1830,1835,5,"M","StMarys",1835,1,2
4511569,1810,1835,25,"F","StMarys",1835,1,2
4511570,1766,1835,69,"M","StMarys",1835,1,2
4511568,1819,1835,16,"F","StMarys",1835,1,2
4511567,1818,1835,17,"F","Tresco",1835,1,2
4511566,1805,1835,30,NA,"StMarys",1835,1,2
4511565,1834,1835,1,"M","StMarys",1835,1,2
4511564,1754,1834,80,"F","StMarys",1834,1,1
4511562,1778,1834,56,"F","StMarys",1834,1,1
4511561,1757,1834,77,"F","StMarys",1834,1,1
4511560,1810,1834,24,"M",NA,1834,1,1
4511559,1802,1834,32,"M",NA,1834,1,1
4511558,1750,1834,84,"M","StMarys",1834,1,1
4511557,1785,1834,49,"M","StMarys",1834,1,1
4511556,1804,1834,30,"F","StMarys",1834,1,1
4511555,1834,1834,0,"M","StMarys",1834,1,1
4511554,1786,1834,48,"F","StMarys",1834,1,1
4511552,1772,1834,62,"M","StMarys",1834,1,1
4511551,1767,1834,67,"M","StMarys",1834,1,1
4511550,1755,1834,79,"F","StMarys",1834,1,1
4511548,1773,1834,61,"M","StMarys",1834,1,1
4511547,1768,1834,66,"M","StMarys",1834,1,1
4511544,1804,1833,29,"M","StMarys",1833,0,0
4511543,1755,1833,78,"F","StMarys",1833,0,0
4511542,1833,1833,0,"F","StMarys",1833,0,0
4511541,1777,1833,56,"M","StMarys",1833,0,0
4511539,1779,1833,54,"F","StMarys",1833,0,0
4511538,1753,1833,80,"M","StMarys",1833,0,0
4511537,1812,1833,21,"F","StMarys",1833,0,0
4511536,1751,1833,82,"M","StMarys",1833,0,0
4511535,1739,1833,94,"M","StMarys",1833,0,0
4511534,1811,1833,22,"F","StMarys",1833,0,0
4511533,1801,1833,32,"F","StMarys",1833,0,0
4511531,1811,1833,22,"M","StMarys",1833,0,0
4511529,1809,1833,24,"M","StMarys",1833,0,0
4511528,1803,1832,29,"M","StMarys",1832,0,0
4511526,1783,1832,49,"M","StMarys",1832,0,0
4511525,1759,1832,73,"M","StMarys",1832,0,0
4511523,1757,1832,75,"M","StMarys",1832,0,0
4511522,1758,1832,74,"F","StMarys",1832,0,0
4511521,1824,1832,8,"M","StMarys",1832,0,0
4511520,1775,1832,57,"F","StMarys",1832,0,0
4511519,1758,1832,74,"F","StMarys",1832,0,0
4511517,1791,1832,41,"F","StMarys",1832,0,0
4511516,1746,1832,86,"F","StMarys",1832,0,0
4511514,1831,1831,0,"M","StMarys",1831,0,0
4511513,1830,1831,1,"F","StMarys",1831,0,0
4511512,1807,1831,24,"M","StMarys",1831,0,0
4511511,1824,1831,7,"M","StMarys",1831,0,0
4511508,1753,1831,78,"F","StMarys",1831,0,0
4511506,1804,1831,27,"M","StMarys",1831,0,0
4511505,1813,1831,18,"F","StMarys",1831,0,0
4511504,1812,1831,19,"F","StMarys",1831,0,0
4511503,1761,1831,70,"M","StMarys",1831,0,0
4511502,1787,1831,44,"M","StMarys",1831,0,0
4511501,1831,1831,0,"M","StMarys",1831,0,0
4511500,1748,1831,83,"M","StMarys",1831,0,0
4511499,1758,1831,73,"M","StMarys",1831,0,0
4511498,1763,1830,67,"F","StMarys",1830,0,0
4511497,1802,1830,28,"F","StMarys",1830,0,0
4511494,1824,1830,6,"M","StMarys",1830,0,0
4511490,1781,1830,49,"M","StMarys",1830,0,0
4511489,1813,1830,17,"F","StMarys",1830,0,0
4511485,1745,1829,84,"F","StMarys",1829,0,0
4511483,1788,1829,41,"F","StMarys",1829,0,0
4511482,1799,1829,30,"M","StMarys",1829,0,0
4511481,1763,1829,66,"F","StMarys",1829,0,0
4511478,1797,1829,32,"F","StMarys",1829,0,0
4511477,1751,1829,78,"F","StMarys",1829,0,0
4511475,1811,1829,18,"F","StMarys",1829,0,0
4511474,1814,1829,15,NA,"StMarys",1829,0,0
4511472,1751,1829,78,"M","StMarys",1829,0,0
4511473,1829,1829,0,"F",NA,1829,0,0
4511471,1814,1829,15,"F","StMarys",1829,0,0
4511470,1760,1829,69,"M","StMarys",1829,0,0
4511469,1753,1828,75,"M","StMarys",1828,0,0
4511467,1751,1828,77,"M",NA,1828,0,0
4511465,1756,1828,72,"M","StMarys",1828,0,0
4511463,1814,1828,14,"F","StMarys",1828,0,0
4511459,1816,1828,12,"M","StMarys",1828,0,0
4511458,1777,1828,51,"F","StMarys",1828,0,0
4511457,1790,1828,38,"M","StMarys",1828,0,0
4511455,1827,1827,0,"M","StMarys",1827,0,0
4511449,1764,1827,63,"M",NA,1827,0,0
4511448,1779,1827,48,"F","StMarys",1827,0,0
4511447,1745,1827,82,"F","StMarys",1827,0,0
4511445,1795,1827,32,"M","StMarys",1827,0,0
4511441,1800,1827,27,"M","StMarys",1827,0,0
4511440,1741,1827,86,"M","StMarys",1827,0,0
4511439,1731,1827,96,"F","StMarys",1827,0,0
4511436,1820,1826,6,"F","StMarys",1826,0,0
4511435,1763,1826,63,"F","StMarys",1826,0,0
4511433,1748,1826,78,"F","StMarys",1826,0,0
4511430,1741,1826,85,"F","StMarys",1826,0,0
4511427,1760,1826,66,"F","StMarys",1826,0,0
4511417,1811,1825,14,"F","StMarys",1825,0,0
4511415,1813,1825,12,"M","StMarys",1825,0,0
4511413,1797,1825,28,"M","StMarys",1825,0,0
4511412,1780,1825,45,"F","StMarys",1825,0,0
4511411,1795,1825,30,"F",NA,1825,0,0
4511410,1735,1825,90,"F","StMarys",1825,0,0
4511409,1747,1825,78,"F","StMarys",1825,0,0
4511407,1797,1825,28,"M","StMarys",1825,0,0
4511404,1752,1824,72,"F","StMarys",1824,0,0
4511403,1786,1824,38,"M","StMarys",1824,0,0
4511402,1760,1824,64,"F","StMarys",1824,0,0
4511398,1776,1824,48,"F","StMarys",1824,0,0
4511397,1798,1824,26,"F","StMarys",1824,0,0
4511395,1750,1824,74,"F","StMarys",1824,0,0
4511389,1791,1824,33,"F","StMarys",1824,0,0
4511390,1802,1824,22,NA,"StMarys",1824,0,0
4511388,1784,1824,40,"F","StMarys",1824,0,0
4511385,1796,1824,28,"M","StMarys",1824,0,0
4511384,1778,1824,46,"M","StMarys",1824,0,0
4511383,1801,1823,22,"F","StMarys",1823,0,0
4511377,1805,1823,18,"F","StMarys",1823,0,0
4511376,1748,1823,75,"F","StMarys",1823,0,0
4511374,1795,1823,28,"M","StMarys",1823,0,0
4511373,1805,1823,18,"F","StMarys",1823,0,0
4511371,1735,1823,88,"F","StMarys",1823,0,0
4511368,1794,1822,28,"M","StMarys",1822,0,0
4511364,1764,1822,58,"F","StMarys",1822,0,0
4511361,1800,1822,22,"F","StMarys",1822,0,0
4511360,1751,1822,71,"M","StMarys",1822,0,0
4511358,1797,1822,25,"M","StMarys",1822,0,0
4511351,1772,1821,49,"F","StMarys",1821,0,0
4511346,1818,1821,3,"M","StMarys",1821,0,0
4511343,1798,1820,22,"F","StMarys",1820,0,0
4511341,1750,1820,70,"M","StMarys",1820,0,0
4511340,1796,1820,24,"M","StMarys",1820,0,0
4511338,1752,1820,68,"M","StMarys",1820,0,0
4511337,1747,1820,73,"M","StMarys",1820,0,0
4511336,1811,1820,9,"M","StMarys",1820,0,0
4511334,1755,1819,64,"F","StMarys",1819,0,0
4511335,1759,1820,61,"M","StMarys",1820,0,0
4511333,1807,1819,12,"M","StMarys",1819,0,0
4511332,1794,1819,25,"M",NA,1819,0,0
4511331,1743,1819,76,"F","StMarys",1819,0,0
4511329,1774,1819,45,"M","StMarys",1819,0,0
4511328,1804,1819,15,"F","StMarys",1819,0,0
4511327,1815,1819,4,"M","StMarys",1819,0,0
4511326,1774,1819,45,"M","StMarys",1819,0,0
4511325,1799,1819,20,"F","StMarys",1819,0,0
4511323,1747,1819,72,"M","StMarys",1819,0,0
4514273,1787,1798,11,"M","StMartins",1798,0,0
4514274,1793,1798,5,"M","Sampson",1798,0,0
4514275,1785,1798,13,"F","Bryher",1798,0,0
4514276,1787,1798,11,"M","Bryher",1798,0,0
4514291,1746,1799,53,"F","Tresco",1799,0,0
4514292,1785,1799,14,"F","Tresco",1799,0,0
4514293,1799,1799,0,"F",NA,1799,0,0
4514294,1773,1799,26,"F","Tresco",1799,0,0
4514295,1732,1799,67,"M","Tresco",1799,0,0
4514296,1799,1799,0,"M","Tresco",1799,0,0
4514314,1722,1800,78,"F","Tresco",1800,0,0
4514315,1766,1800,34,"M","Tresco",1800,0,0
4514316,1717,1800,83,"M","Tresco",1800,0,0
4514317,1733,1800,67,"F","Tresco",1800,0,0
4514318,1734,1800,66,"F","Tresco",1800,0,0
4514344,1739,1801,62,"F","StMartins",1801,0,0
4514345,1801,1801,0,"F","StMartins",1801,0,0
4514277,1720,1799,79,"M",NA,1799,0,0
4514280,1799,1799,0,"M",NA,1799,0,0
4514281,1769,1799,30,"F",NA,1799,0,0
4514282,1702,1799,97,"F",NA,1799,0,0
4514283,1764,1799,35,"F",NA,1799,0,0
4514284,1799,1799,0,"F",NA,1799,0,0
4514285,1717,1799,82,"M",NA,1799,0,0
4514286,1742,1799,57,"F",NA,1799,0,0
4514287,1799,1799,0,"M",NA,1799,0,0
4514288,1799,1799,0,"M",NA,1799,0,0
4514289,1724,1799,75,"F",NA,1799,0,0
4514290,1799,1799,0,"M",NA,1799,0,0
4514298,1763,1800,37,"M",NA,1800,0,0
4514299,1800,1800,0,"M",NA,1800,0,0
4514300,1776,1800,24,"M",NA,1800,0,0
4514302,1775,1800,25,"F",NA,1800,0,0
4514303,1715,1800,85,"F",NA,1800,0,0
4514304,1800,1800,0,"M",NA,1800,0,0
4514306,1766,1800,34,"F",NA,1800,0,0
4514307,1726,1800,74,"M",NA,1800,0,0
4514309,1727,1800,73,"F",NA,1800,0,0
4514312,1722,1800,78,"M",NA,1800,0,0
4514319,1778,1801,23,"M",NA,1801,0,0
4514322,1745,1801,56,"F",NA,1801,0,0
4514323,1751,1801,50,"M",NA,1801,0,0
4514324,1801,1801,0,"F",NA,1801,0,0
4514325,1771,1801,30,"M",NA,1801,0,0
4514326,1801,1801,0,"M",NA,1801,0,0
4514327,1771,1801,30,"F",NA,1801,0,0
4514328,1801,1801,0,"M",NA,1801,0,0
4514329,1801,1801,0,"M",NA,1801,0,0
4514330,1801,1801,0,"F",NA,1801,0,0
4514337,1753,1801,48,"M",NA,1801,0,0
4514349,1802,1802,0,"M",NA,1802,0,0
4514355,1714,1802,88,"M",NA,1802,0,0
4514358,1780,1802,22,"F",NA,1802,0,0
4514368,1751,1802,51,"M","StMartins",1802,0,0
4514369,1799,1802,3,"F","Sampson",1802,0,0
4514371,1772,1803,31,NA,NA,1803,0,0
4514372,1733,1803,70,"F",NA,1803,0,0
4514373,1803,1803,0,"F",NA,1803,0,0
4514374,1783,1803,20,"M",NA,1803,0,0
4514375,1776,1803,27,"M",NA,1803,0,0
4514376,1731,1803,72,"M",NA,1803,0,0
4514377,1803,1803,0,"M",NA,1803,0,0
4514379,1803,1803,0,"F",NA,1803,0,0
4514384,1730,1803,73,"M",NA,1803,0,0
4514390,1804,1804,0,"F","StMarys",1804,0,0
4514391,1722,1804,82,"F","StMarys",1804,0,0
4514392,1804,1804,0,"M","StMarys",1804,0,0
4514394,1804,1804,0,"F","StMarys",1804,0,0
4514395,1804,1804,0,"M","StMarys",1804,0,0
4514396,1783,1804,21,"M","StMarys",1804,0,0
4514397,1804,1804,0,"M","StMarys",1804,0,0
4514398,1804,1804,0,"M","StMarys",1804,0,0
4514399,1791,1804,13,"M","StMarys",1804,0,0
4514400,1798,1804,6,"F","StMarys",1804,0,0
4514402,1804,1804,0,"M","StMarys",1804,0,0
4514403,1767,1804,37,"F","StMarys",1804,0,0
4514404,1759,1804,45,"F","StMarys",1804,0,0
4514413,1791,1805,14,"F","StMarys",1805,0,0
4514415,1781,1805,24,"M","StMarys",1805,0,0
4514416,1755,1805,50,"F","StMarys",1805,0,0
4514417,1720,1805,85,"F","StMarys",1805,0,0
4514419,1731,1805,74,"M","StMarys",1805,0,0
4514420,1805,1805,0,"F","StMarys",1805,0,0
4514421,1721,1805,84,"F","StMarys",1805,0,0
4514423,1805,1805,0,"M","StMarys",1805,0,0
4514424,1740,1805,65,"F","StMarys",1805,0,0
4514427,1761,1805,44,"M","StMartins",1805,0,0
4514428,1805,1805,0,"M","StMartins",1805,0,0
4514429,1780,1805,25,NA,"Tresco",1805,0,0
4514430,1769,1805,36,"M","StMartins",1805,0,0
4514431,1752,1805,53,"M",NA,1805,0,0
4514433,1736,1806,70,"F","StMarys",1806,0,0
4514434,1762,1806,44,"M","StMarys",1806,0,0
4514435,1738,1806,68,"M","StMarys",1806,0,0
4514437,1759,1806,47,"F","StMarys",1806,0,0
4514438,1806,1806,0,"M","StMarys",1806,0,0
4514439,1720,1806,86,"M","StMarys",1806,0,0
4514440,1806,1806,0,"F","StMarys",1806,0,0
4514441,1790,1806,16,"M","StMarys",1806,0,0
4514443,1784,1806,22,"F","Tresco",1806,0,0
4514446,1806,1806,0,"F",NA,1806,0,0
4514447,1728,1806,78,"F",NA,1806,0,0
4514448,1763,1806,43,"F",NA,1806,0,0
4514449,1756,1807,51,"F","StMarys",1807,0,0
4514455,1802,1807,5,"F","StMarys",1807,0,0
4514456,1767,1807,40,"F","StMarys",1807,0,0
4514461,1807,1807,0,"F","StMarys",1807,0,0
4514465,1784,1808,24,"F",NA,1808,0,0
4514467,1740,1808,68,"M",NA,1808,0,0
4514468,1770,1808,38,"M",NA,1808,0,0
4514469,1756,1808,52,"M",NA,1808,0,0
4514470,1730,1808,78,"M",NA,1808,0,0
4514473,1762,1808,46,"M",NA,1808,0,0
4514477,1809,1809,0,"F",NA,1809,0,0
4514478,1809,1809,0,"M",NA,1809,0,0
4514480,1789,1809,20,"M",NA,1809,0,0
4514481,1765,1809,44,"F",NA,1809,0,0
4514483,1809,1809,0,"M",NA,1809,0,0
4514485,1801,1809,8,"F",NA,1809,0,0
4514486,1742,1809,67,"M",NA,1809,0,0
4514487,1788,1809,21,"F",NA,1809,0,0
4514488,1783,1809,26,"F",NA,1809,0,0
4514489,1745,1809,64,"F",NA,1809,0,0
4514492,1734,1809,75,"F",NA,1809,0,0
4514498,1778,1810,32,"F",NA,1810,0,0
4514499,1752,1810,58,"M",NA,1810,0,0
4514500,1798,1810,12,"F",NA,1810,0,0
4514501,1789,1810,21,"M",NA,1810,0,0
4514502,1767,1810,43,"F",NA,1810,0,0
4514504,1755,1810,55,"F",NA,1810,0,0
4514505,1800,1810,10,"M",NA,1810,0,0
4514506,1766,1810,44,"M",NA,1810,0,0
4514508,1810,1810,0,"M","Tresco",1810,0,0
4514509,1758,1810,52,"M","StMartins",1810,0,0
4514510,1802,1810,8,"M","Sampson",1810,0,0
4514512,1810,1810,0,"M",NA,1810,0,0
4514513,1791,1810,19,"F","Sampson",1810,0,0
4514514,1767,1810,43,"M","Sampson",1810,0,0
4514516,1782,1810,28,"F","Tresco",1810,0,0
4514517,1732,1810,78,NA,"Sampson",1810,0,0
4514518,1794,1811,17,"M",NA,1811,0,0
4514519,1811,1811,0,"F",NA,1811,0,0
4514520,1806,1811,5,"F",NA,1811,0,0
4514521,1809,1811,2,"M",NA,1811,0,0
4514522,1811,1811,0,"M",NA,1811,0,0
4514523,1774,1811,37,"F",NA,1811,0,0
4514524,1806,1811,5,"F",NA,1811,0,0
4514525,1806,1811,5,"F",NA,1811,0,0
4514527,1808,1811,3,"F",NA,1811,0,0
4514528,1805,1811,6,"M",NA,1811,0,0
4514529,1808,1811,3,"F",NA,1811,0,0
4514530,1756,1811,55,"M",NA,1811,0,0
4514531,1804,1811,7,"F",NA,1811,0,0
4514532,1808,1811,3,"M",NA,1811,0,0
4514533,1807,1811,4,"F",NA,1811,0,0
4514534,1809,1811,2,"F",NA,1811,0,0
4514535,1808,1811,3,"M",NA,1811,0,0
4514536,1809,1811,2,"F",NA,1811,0,0
4514537,1810,1811,1,"F",NA,1811,0,0
4514538,1741,1811,70,"M",NA,1811,0,0
4514539,1811,1811,0,"F",NA,1811,0,0
4514540,1761,1811,50,"F",NA,1811,0,0
4514541,1811,1811,0,"M",NA,1811,0,0
4514543,1810,1811,1,"F",NA,1811,0,0
4514544,1731,1811,80,"M",NA,1811,0,0
4514545,1771,1811,40,"M",NA,1811,0,0
4514547,1801,1811,10,"F",NA,1811,0,0
4514548,1724,1811,87,"M",NA,1811,0,0
4514549,1747,1811,64,"F","Bryher",1811,0,0
4514550,1811,1811,0,"M",NA,1811,0,0
4514552,1788,1812,24,"F","Tresco",1812,0,0
4514553,1722,1812,90,"M","Bryher",1812,0,0
4514554,1776,1812,36,"F","Tresco",1812,0,0
4514555,1739,1812,73,"M","Tresco",1812,0,0
4514556,1738,1812,74,"M",NA,1812,0,0
4514557,1812,1812,0,"M",NA,1812,0,0
4514558,1812,1812,0,"M",NA,1812,0,0
4514559,1812,1812,0,"F",NA,1812,0,0
4514560,1770,1812,42,"M",NA,1812,0,0
4514561,1760,1812,52,"M",NA,1812,0,0
4514562,1812,1812,0,"F",NA,1812,0,0
4514563,1730,1812,82,"M",NA,1812,0,0
4514564,1732,1812,80,"M",NA,1812,0,0
4514567,1789,1812,23,"F",NA,1812,0,0
4514568,1776,1812,36,"F",NA,1812,0,0
4514569,1812,1812,0,"M",NA,1812,0,0
4514570,1812,1812,0,"F",NA,1812,0,0
4514571,1727,1812,85,"M",NA,1812,0,0
4514572,1762,1812,50,"M",NA,1812,0,0
4514573,1730,1812,82,"F",NA,1812,0,0
4514574,1727,1813,86,"F",NA,1813,0,0
4514575,1746,1813,67,"M",NA,1813,0,0
4514576,1784,1813,29,"M",NA,1813,0,0
4514577,1725,1813,88,"F",NA,1813,0,0
4514578,1808,1813,5,"M",NA,1813,0,0
4514579,1771,1813,42,"M",NA,1813,0,0
4514580,1740,1813,73,"F",NA,1813,0,0
4514581,1813,1813,0,"F",NA,1813,0,0
4514582,1813,1813,0,"F",NA,1813,0,0
4514583,1812,1813,1,"M",NA,1813,0,0
4514584,1813,1813,0,"F",NA,1813,0,0
4514585,1723,1813,90,"M",NA,1813,0,0
4514586,1739,1813,74,"F",NA,1813,0,0
4514587,1724,1813,89,"M",NA,1813,0,0
4514588,1748,1813,65,"F",NA,1813,0,0
4514589,1813,1813,0,"M",NA,1813,0,0
4514590,1812,1813,1,"M",NA,1813,0,0
4514591,1736,1813,77,"F",NA,1813,0,0
4514592,1797,1813,16,"M",NA,1813,0,0
4514593,1735,1813,78,"F",NA,1813,0,0
4514595,1755,1813,58,"M",NA,1813,0,0
4514596,1738,1813,75,"M",NA,1813,0,0
4514597,1727,1813,86,"F",NA,1813,0,0
4514599,1788,1813,25,"F",NA,1813,0,0
4514600,1813,1813,0,"M","Tresco",1813,0,0
4514601,1724,1813,89,"F",NA,1813,0,0
4514602,1723,1813,90,"F",NA,1813,0,0
4514604,1814,1814,0,"F",NA,1814,0,0
4514605,1765,1814,49,"M",NA,1814,0,0
4514606,1790,1814,24,"M",NA,1814,0,0
4514607,1778,1814,36,"F",NA,1814,0,0
4514608,1740,1814,74,"M",NA,1814,0,0
4514609,1781,1814,33,"F",NA,1814,0,0
4514610,1814,1814,0,"M",NA,1814,0,0
4514611,1814,1814,0,"F",NA,1814,0,0
4514612,1814,1814,0,"F",NA,1814,0,0
4514613,1739,1814,75,"F",NA,1814,0,0
4514614,1814,1814,0,"F",NA,1814,0,0
4514615,1782,1814,32,"M",NA,1814,0,0
4514616,1730,1815,85,"M",NA,1815,0,0
4514622,1815,1815,0,"F",NA,1815,0,0
4514623,1738,1815,77,"M",NA,1815,0,0
4514624,1811,1816,5,"M",NA,1816,0,0
4514625,1797,1816,19,"M",NA,1816,0,0
4514626,1783,1816,33,"M",NA,1816,0,0
4514628,1805,1816,11,"M",NA,1816,0,0
4514629,1734,1816,82,"F",NA,1816,0,0
4514630,1722,1816,94,"M",NA,1816,0,0
4514631,1784,1816,32,"F",NA,1816,0,0
4514632,1754,1817,63,"M",NA,1817,0,0
4514633,1805,1817,12,"M",NA,1817,0,0
4514634,1754,1818,64,"F",NA,1818,0,0
4514635,1778,1818,40,"M",NA,1818,0,0
4514637,1738,1818,80,"F",NA,1818,0,0
4514640,1806,1818,12,"F",NA,1818,0,0
4514645,1790,1818,28,"M",NA,1818,0,0
4514646,1796,1818,22,"M",NA,1818,0,0
4514647,1808,1818,10,"M",NA,1818,0,0
4514648,1788,1818,30,"M","Tresco",1818,0,0
4514649,1779,1819,40,"M","Tresco",1819,0,0
4514650,1734,1819,85,"F","Tresco",1819,0,0
4514651,1815,1819,4,"M","Tresco",1819,0,0
4514652,1819,1819,0,"F","Tresco",1819,0,0
4514653,1797,1819,22,"F","Bryher",1819,0,0
4514655,1803,1819,16,"M","Tresco",1819,0,0
4514656,1789,1819,30,"M","Tresco",1819,0,0
4514657,1744,1819,75,"F","Tresco",1819,0,0
4514658,1800,1819,19,"F","Tresco",1819,0,0
4514659,1749,1819,70,"M","Tresco",1819,0,0
4514660,1810,1819,9,"F","Bryher",1819,0,0
4514661,1755,1820,65,"F","Tresco",1820,0,0
4514662,1760,1820,60,"M","Tresco",1820,0,0
4514663,1767,1820,53,"M","Bryher",1820,0,0
4514664,1736,1820,84,"F","Tresco",1820,0,0
4514665,1733,1820,87,"F","Tresco",1820,0,0
4514666,1779,1821,42,"M","Tresco",1821,0,0
4514667,1821,1821,0,"M","Tresco",1821,0,0
4514668,1775,1821,46,"M","Tresco",1821,0,0
4514669,1772,1822,50,"M","Tresco",1822,0,0
4514670,1822,1822,0,"F","Bryher",1822,0,0
4514674,1801,1823,22,"F","Tresco",1823,0,0
4514675,1754,1823,69,"M","Tresco",1823,0,0
4514676,1800,1824,24,"M","Tresco",1824,0,0
4514677,1774,1824,50,"F","Tresco",1824,0,0
4514678,1802,1824,22,"F","Tresco",1824,0,0
4514679,1742,1824,82,"M","Tresco",1824,0,0
4514680,1760,1824,64,"F","Tresco",1824,0,0
4514682,1824,1824,0,"M","Tresco",1824,0,0
4514683,1824,1824,0,"M","Tresco",1824,0,0
4514684,1797,1824,27,"M","Tresco",1824,0,0
4514685,1773,1824,51,"F","Tresco",1824,0,0
4514686,1743,1824,81,"F","Tresco",1824,0,0
4514687,1735,1825,90,"M","Tresco",1825,0,0
4514688,1765,1825,60,"M","Tresco",1825,0,0
4514691,1767,1825,58,"F","Tresco",1825,0,0
4514692,1738,1825,87,"F","Bryher",1825,0,0
4514699,1797,1827,30,"M","Tresco",1827,0,0
4514700,1827,1827,0,"M","Tresco",1827,0,0
4514701,1763,1827,64,"M","Tresco",1827,0,0
4514702,1755,1827,72,"F","Tresco",1827,0,0
4514703,1761,1827,66,"F","Tresco",1827,0,0
4514704,1773,1828,55,"F","Tresco",1828,0,0
4514705,1804,1828,24,"F","Tresco",1828,0,0
4514706,1763,1828,65,"F","Tresco",1828,0,0
4514707,1740,1829,89,"F","Tresco",1829,0,0
4514708,1791,1829,38,"F","Tresco",1829,0,0
4514709,1778,1829,51,"M","Tresco",1829,0,0
4514710,1744,1829,85,"F","Tresco",1829,0,0
4514711,1768,1829,61,"M","Bryher",1829,0,0
4514712,1761,1829,68,"M","Tresco",1829,0,0
4514713,1743,1829,86,"F","Tresco",1829,0,0
4514714,1829,1829,0,"M","Tresco",1829,0,0
4514715,1780,1830,50,"M","Tresco",1830,0,0
4514716,1752,1830,78,"M","Bryher",1830,0,0
4514717,1789,1830,41,"F","Tresco",1830,0,0
4514718,1740,1830,90,"F","Tresco",1830,0,0
4514719,1830,1830,0,"M","Tresco",1830,0,0
4514720,1830,1830,0,"M","Tresco",1830,0,0
4514721,1764,1830,66,"F","Tresco",1830,0,0
4514723,1776,1830,54,"M",NA,1830,0,0
4514724,1776,1830,54,"F",NA,1830,0,0
4514725,1784,1830,46,"M",NA,1830,0,0
4514726,1795,1830,35,"M",NA,1830,0,0
4514727,1791,1830,39,"F","Tresco",1830,0,0
4514729,1810,1830,20,"M","Tresco",1830,0,0
4514730,1759,1830,71,"M","Tresco",1830,0,0
4514731,1743,1831,88,"M","Tresco",1831,0,0
4514732,1794,1831,37,"F","Tresco",1831,0,0
4514733,1753,1831,78,"F","Tresco",1831,0,0
4514734,1746,1831,85,"M","Tresco",1831,0,0
4514735,1792,1832,40,"M","Tresco",1832,0,0
4514736,1771,1832,61,"F","Tresco",1832,0,0
4514737,1748,1832,84,"M","Tresco",1832,0,0
4514738,1792,1832,40,"F","Tresco",1832,0,0
4514739,1766,1833,67,"M","Tresco",1833,0,0
4514740,1766,1833,67,"M","Tresco",1833,0,0
4514741,1771,1833,62,"M","Tresco",1833,0,0
4514743,1782,1833,51,"M","Tresco",1833,0,0
4514744,1759,1833,74,"F","Tresco",1833,0,0
4514745,1764,1833,69,"M","Tresco",1833,0,0
4514746,1802,1833,31,"F","Tresco",1833,0,0
164,1852,1930,78,"M","StMarys",1930,1,97
251,1837,1902,65,"M","StMarys",1902,1,69
255,1838,1899,61,"F","StMarys",1899,1,66
297,1867,1938,71,"F","StMarys",1938,1,105
516,1862,1883,21,"F","StMarys",1883,1,50
589,1876,1955,79,"M","Tresco",1955,1,122
739,1852,1866,14,"M","Tresco",1866,1,33
1177,1876,1949,73,"M","StMarys",1949,1,116
1885,1772,1845,73,"F","StMarys",1845,1,12
2350,1834,1894,60,"M","StMarys",1894,1,61
2408,1877,1900,23,"F","StMarys",1900,1,67
2419,1836,1921,85,"F","StMarys",1921,1,88
2423,1862,1878,16,"F","StMarys",1878,1,45
2436,1853,1877,24,"M","StMarys",1877,1,44
2689,1837,1866,29,"F","StMarys",1866,1,33
2692,1836,1871,35,"M","StMarys",1871,1,38
2693,1804,1887,83,"M","StMarys",1887,1,54
2753,1790,1859,69,"F","StMarys",1859,1,26
2907,1771,1862,91,"M","StMarys",1862,1,29
2911,1771,1835,64,"F","StMarys",1835,1,2
2949,1829,1891,62,"F","StMarys",1891,1,58
3022,1821,1847,26,"F","StMarys",1847,1,14
3039,1830,1901,71,"F","StMarys",1901,1,68
3044,1827,1886,59,"M","StMarys",1886,1,53
3171,1871,1888,17,"F","StMarys",1888,1,55
3188,1763,1835,72,"M","StMarys",1835,1,2
3245,1857,1932,75,"M","StMarys",1932,1,99
3248,1890,1918,28,"M","StMarys",1918,1,85
3251,1861,1945,84,"F","StMarys",1945,1,112
3289,1876,1959,83,"F","StMarys",1959,1,126
3292,1865,1933,68,"M","StMarys",1933,1,100
3373,1784,1865,81,"M","StMarys",1865,1,32
3374,1819,1847,28,"M","StMarys",1847,1,14
3391,1811,1829,18,"F","StMarys",1829,0,0
3415,1863,1942,79,"M","StMarys",1942,1,109
3424,1885,1947,62,"F","StMarys",1947,1,114
3616,1831,1867,36,"M","StMarys",1867,1,34
3713,1825,1863,38,"M","StMarys",1863,1,30
4513842,1837,1894,57,"F","StMarys",1894,1,61
4513838,1823,1890,67,"F","StMarys",1890,1,57
4513823,1816,1886,70,"F","StMarys",1886,1,53
4513822,1804,1886,82,"F","StMarys",1886,1,53
4513796,1798,1885,87,"F","StAgnes",1885,1,52
4513791,1815,1885,70,"F","StMarys",1885,1,52
4513790,1822,1885,63,"F","StMarys",1885,1,52
4513788,1819,1885,66,"M","StMarys",1885,1,52
4513773,1810,1885,75,"F","StMarys",1885,1,52
4513765,1833,1885,52,"F","StMarys",1885,1,52
4513763,1806,1885,79,"F","StMarys",1885,1,52
4513762,1864,1884,20,"F","StAgnes",1884,1,51
4513755,1802,1884,82,"M","StMarys",1884,1,51
4513753,1813,1884,71,"F","StMarys",1884,1,51
4513751,1800,1884,84,"M","StMarys",1884,1,51
4513737,1807,1884,77,"M","StMarys",1884,1,51
4513729,1811,1883,72,"F","Tresco",1883,1,50
4513725,1862,1883,21,"M","Tresco",1883,1,50
4513721,1797,1883,86,"M","Tresco",1883,1,50
4513702,1836,1883,47,"M","StMarys",1883,1,50
4513684,1812,1882,70,"F","StMarys",1882,1,49
4513682,1816,1882,66,"F","StMarys",1882,1,49
4513675,1809,1882,73,"F","Tresco",1882,1,49
4513673,1802,1882,80,"F","Tresco",1882,1,49
4513671,1806,1882,76,"F","StMarys",1882,1,49
4513666,1808,1882,74,"M","StMarys",1882,1,49
4513664,1824,1882,58,"M","StAgnes",1882,1,49
4513661,1815,1882,67,"M","StMarys",1882,1,49
4513660,1826,1882,56,"F","StMarys",1882,1,49
4513659,1796,1882,86,"M","StAgnes",1882,1,49
4513646,1858,1881,23,"F","StMarys",1881,1,48
4513634,1810,1881,71,"F","Tresco",1881,1,48
4513628,1804,1881,77,"F","StMarys",1881,1,48
4513626,1864,1881,17,"F","StAgnes",1881,1,48
4513615,1803,1881,78,"M","Tresco",1881,1,48
4513614,1810,1881,71,"M","Tresco",1881,1,48
4513608,1806,1881,75,"M","StMarys",1881,1,48
4513599,1816,1881,65,"F","Tresco",1881,1,48
4513595,1795,1881,86,"M","StMartins",1881,1,48
4513586,1814,1880,66,"M","StMarys",1880,1,47
4513585,1876,1880,4,"F","StMarys",1880,1,47
4513561,1801,1880,79,"F","StMarys",1880,1,47
4513557,1805,1880,75,"F","StMarys",1880,1,47
4513554,1815,1880,65,"F","StAgnes",1880,1,47
4513546,1810,1879,69,"M","Tresco",1879,1,46
4513542,1806,1879,73,"F",NA,1879,1,46
4513535,1808,1879,71,"F","StMarys",1879,1,46
4513530,1822,1879,57,"F","StMarys",1879,1,46
4513529,1806,1879,73,"M","Bryher",1879,1,46
4513527,1859,1879,20,"M","StMarys",1879,1,46
4513526,1806,1879,73,"F","StMarys",1879,1,46
4513495,1827,1878,51,"M","StMarys",1878,1,45
4513491,1848,1878,30,"F","StMarys",1878,1,45
4513485,1815,1878,63,"M","Tresco",1878,1,45
4513481,1779,1877,98,"F","StAgnes",1877,1,44
4513478,1802,1877,75,"F","StMarys",1877,1,44
4513477,1813,1877,64,"F","StMarys",1877,1,44
4513471,1811,1877,66,"F","StMarys",1877,1,44
4513466,1827,1877,50,"F","StMarys",1877,1,44
4513458,1838,1877,39,"M","StMarys",1877,1,44
4513457,1795,1877,82,"M","StMartins",1877,1,44
4513453,1849,1877,28,"M","StMarys",1877,1,44
4513452,1801,1877,76,"F","StMarys",1877,1,44
4513450,1854,1877,23,"M","StMarys",1877,1,44
4513448,1854,1877,23,"F","Tresco",1877,1,44
4513443,1865,1877,12,"F","StAgnes",1877,1,44
4513439,1809,1876,67,"F","StMarys",1876,1,43
4513433,1802,1876,74,"M","StMarys",1876,1,43
4513429,1827,1876,49,"M","Tresco",1876,1,43
4513428,1793,1876,83,"F","Tresco",1876,1,43
4513423,1802,1876,74,"F","StMarys",1876,1,43
4513422,1851,1876,25,"F","StAgnes",1876,1,43
4513415,1798,1876,78,"F","StMartins",1876,1,43
4513409,1811,1876,65,"F","StMarys",1876,1,43
4513407,1801,1876,75,"M","StAgnes",1876,1,43
4513402,1850,1876,26,"M",NA,1876,1,43
4513401,1818,1876,58,"F","StMarys",1876,1,43
4513393,1797,1875,78,"M","StMarys",1875,1,42
4513382,1846,1875,29,"M","StMarys",1875,1,42
4513361,1811,1875,64,"F","StMarys",1875,1,42
4513270,1787,1875,88,"M","StMartins",1875,1,42
4513269,1804,1875,71,"M","StMarys",1875,1,42
4513263,1809,1875,66,"M","StMarys",1875,1,42
4513254,1785,1874,89,"F","StMarys",1874,1,41
4513252,1830,1874,44,"M",NA,1874,1,41
4513246,1846,1874,28,"F","Tresco",1874,1,41
4513239,1811,1874,63,"F","StMarys",1874,1,41
4513201,1805,1873,68,"M","StAgnes",1873,1,40
4513194,1816,1872,56,"F","StMarys",1872,1,39
4513185,1855,1872,17,"M","StMarys",1872,1,39
4513176,1832,1872,40,"M","StMarys",1872,1,39
4513168,1820,1872,52,"F","StMarys",1872,1,39
4513167,1805,1872,67,"F","StMarys",1872,1,39
4513161,1851,1872,21,"F","StMarys",1872,1,39
4513159,1837,1872,35,"M","StMarys",1872,1,39
4513158,1853,1872,19,"M","StMarys",1872,1,39
4513155,1864,1872,8,"F","StAgnes",1872,1,39
4513140,1783,1871,88,"M","StMarys",1871,1,38
4513135,1833,1871,38,"F","StMarys",1871,1,38
4513123,1784,1871,87,"F","StMarys",1871,1,38
4513122,1852,1871,19,"M","StMarys",1871,1,38
4513120,1803,1871,68,"F","StMarys",1871,1,38
4513114,1871,1871,0,"M","StAgnes",1871,1,38
4513104,1790,1870,80,"F","Tresco",1870,1,37
4513092,1786,1870,84,"M","StMarys",1870,1,37
4513086,1851,1870,19,"M","StMarys",1870,1,37
4513082,1782,1870,88,"M","StMarys",1870,1,37
4513077,1790,1870,80,"F","StMartins",1870,1,37
4513068,1867,1870,3,"M","StMarys",1870,1,37
4513063,1828,1869,41,"M","Tresco",1869,1,36
4513062,1822,1869,47,"F","Tresco",1869,1,36
4513049,1790,1869,79,"F","StMarys",1869,1,36
4513047,1844,1869,25,"M","StMarys",1869,1,36
4513022,1808,1869,61,"M","StMarys",1869,1,36
4513018,1774,1869,95,"F","StMarys",1869,1,36
4513014,1795,1868,73,"M","StMarys",1868,1,35
4513008,1830,1868,38,"F","Tresco",1868,1,35
4513007,1789,1868,79,"F","StMarys",1868,1,35
4512989,1790,1868,78,"M","StMartins",1868,1,35
4512981,1794,1868,74,"F","StAgnes",1868,1,35
4512976,1806,1867,61,"M","StMarys",1867,1,34
4512963,1812,1867,55,"F","Bryher",1867,1,34
4512962,1850,1867,17,"M","Tresco",1867,1,34
4512947,1866,1867,1,"F","StMarys",1867,1,34
4512943,1851,1867,16,"F","StMarys",1867,1,34
4512926,1826,1866,40,"M","StMarys",1866,1,33
4512919,1792,1866,74,"M","StMarys",1866,1,33
4512905,1791,1866,75,"F","StMarys",1866,1,33
4512904,1848,1866,18,"F","StMarys",1866,1,33
4512903,1787,1866,79,"F","StMarys",1866,1,33
4512902,1865,1866,1,"F","StMarys",1866,1,33
4512896,1786,1866,80,"F","StMarys",1866,1,33
4512895,1806,1866,60,"M","StMarys",1866,1,33
4512893,1837,1865,28,"M","StMarys",1865,1,32
4512889,1786,1865,79,"M","StMarys",1865,1,32
4512877,1840,1865,25,"M","Tresco",1865,1,32
4512876,1865,1865,0,"M","Tresco",1865,1,32
4512873,1779,1865,86,"M","StMarys",1865,1,32
4512872,1864,1865,1,"F","StMarys",1865,1,32
4512868,1797,1865,68,"F","StMarys",1865,1,32
4512845,1802,1865,63,"F","StAgnes",1865,1,32
4512831,1791,1864,73,"F","StMarys",1864,1,31
4512816,1827,1864,37,"M","Tresco",1864,1,31
4512786,1799,1863,64,"M","StMarys",1863,1,30
4512783,1811,1863,52,"M","Tresco",1863,1,30
4512779,1862,1863,1,"F","StMartins",1863,1,30
4512778,1787,1863,76,"M","Tresco",1863,1,30
4512775,1770,1863,93,"M","StMartins",1863,1,30
4512771,1862,1863,1,"F","Tresco",1863,1,30
4512744,1834,1862,28,"F","Tresco",1862,1,29
4512743,1861,1862,1,"F","StMarys",1862,1,29
4512719,1785,1862,77,"M","StMarys",1862,1,29
4512716,1775,1862,87,"M","StMarys",1862,1,29
4512699,1835,1861,26,"F","StMarys",1861,1,28
4512697,1845,1861,16,"M","Tresco",1861,1,28
4512670,1829,1861,32,"F","StMarys",1861,1,28
4512657,1844,1860,16,"F","Tresco",1860,1,27
4512653,1781,1860,79,"M","Tresco",1860,1,27
4512650,1857,1860,3,"F","StMarys",1860,1,27
4512644,1785,1860,75,"F","StMartins",1860,1,27
4512636,1822,1860,38,"F","Tresco",1860,1,27
4512628,1790,1860,70,"F","StMarys",1860,1,27
4512621,1772,1860,88,"F","StMarys",1860,1,27
4512620,1840,1860,20,"M","StMarys",1860,1,27
4512618,1810,1860,50,"M","StMarys",1860,1,27
4512617,1809,1860,51,"F","StMarys",1860,1,27
4512609,1783,1859,76,"F","Tresco",1859,1,26
4512603,1848,1859,11,"M","StMarys",1859,1,26
4512591,1812,1859,47,"F","StMarys",1859,1,26
4512590,1811,1859,48,"M","StMarys",1859,1,26
4512588,1851,1859,8,NA,"StMarys",1859,1,26
4512585,1812,1859,47,"F","StAgnes",1859,1,26
4512580,1788,1859,71,"F","StMarys",1859,1,26
4512579,1805,1859,54,"F","StMarys",1859,1,26
4512552,1799,1858,59,"F","StAgnes",1858,1,25
4512540,1802,1858,56,"M","StAgnes",1858,1,25
4512526,1802,1857,55,"F","StMartins",1857,1,24
4512510,1780,1857,77,"M","StMarys",1857,1,24
4512507,1785,1857,72,"F","StMarys",1857,1,24
4512502,1804,1857,53,"F","StMartins",1857,1,24
4512500,1837,1857,20,"M","StMarys",1857,1,24
4512484,1856,1856,0,"F","StAgnes",1856,1,23
4512468,1786,1856,70,"M","Tresco",1856,1,23
4512463,1831,1856,25,"F","StMartins",1856,1,23
4512434,1828,1855,27,"F","StMarys",1855,1,22
4512421,1776,1855,79,"F","Tresco",1855,1,22
4512415,1813,1855,42,"F","StMartins",1855,1,22
4512411,1822,1855,33,"M","StMartins",1855,1,22
4512406,1785,1855,70,"F","StMarys",1855,1,22
4512393,1769,1855,86,"F","StMarys",1855,1,22
4512374,1813,1854,41,"M","StMarys",1854,1,21
4512359,1800,1854,54,"F","StMarys",1854,1,21
4512344,1790,1853,63,"F","StMarys",1853,1,20
4512335,1820,1853,33,"M","Tresco",1853,1,20
4512329,1830,1853,23,"F","StMarys",1853,1,20
4512326,1803,1853,50,"F","StMarys",1853,1,20
4512316,1814,1853,39,"F","StMarys",1853,1,20
4512280,1783,1852,69,"M","StMartins",1852,1,19
4512275,1826,1852,26,"M","StMartins",1852,1,19
4512271,1790,1852,62,"F","StMarys",1852,1,19
4512256,1791,1852,61,"F","StMarys",1852,1,19
4512251,1756,1852,96,"M","Bryher",1852,1,19
4512248,1805,1852,47,"M","StMarys",1852,1,19
4512232,1827,1851,24,"M","Tresco",1851,1,18
4512231,1811,1851,40,"M","Tresco",1851,1,18
4512230,1783,1851,68,"M","StMarys",1851,1,18
4512213,1823,1851,28,"M","StMarys",1851,1,18
4512202,1793,1851,58,"F","StMartins",1851,1,18
4512165,1821,1850,29,"M","StMarys",1850,1,17
4512162,1790,1850,60,"M","Bryher",1850,1,17
4512142,1779,1849,70,"F","StMarys",1849,1,16
4512139,1772,1849,77,"M","Tresco",1849,1,16
4512132,1821,1849,28,"F","Bryher",1849,1,16
4512131,1769,1849,80,"M","StMarys",1849,1,16
4512123,1774,1849,75,"M","StMarys",1849,1,16
4512120,1776,1849,73,"M","StMarys",1849,1,16
4512118,1820,1849,29,"F","Tresco",1849,1,16
4512112,1785,1849,64,"M","StMarys",1849,1,16
4512089,1771,1848,77,"F","Tresco",1848,1,15
4512081,1779,1848,69,"M","Tresco",1848,1,15
4512068,1815,1848,33,"M","StMarys",1848,1,15
4512040,1815,1847,32,"F","StAgnes",1847,1,14
4512037,1793,1847,54,"M","StMarys",1847,1,14
4512032,1766,1847,81,"M","StMarys",1847,1,14
4512026,1795,1847,52,"M","StMarys",1847,1,14
4512021,1779,1847,68,"F","Tresco",1847,1,14
4512019,1787,1847,60,"M","StMarys",1847,1,14
4512003,1759,1847,88,"F","Bryher",1847,1,14
4511982,1787,1846,59,"F","StMarys",1846,1,13
4511953,1774,1845,71,"M","StMarys",1845,1,12
4511929,1840,1844,4,"M","StMarys",1844,1,11
4511925,1761,1844,83,"F","StMarys",1844,1,11
4511914,1820,1844,24,"M","StMarys",1844,1,11
4511892,1837,1844,7,"F","StMarys",1844,1,11
4511878,1844,1844,0,"M","StAgnes",1844,1,11
4511871,1776,1844,68,"M","Tresco",1844,1,11
4511869,1836,1844,8,"F","StMarys",1844,1,11
4511863,1765,1844,79,"F","StAgnes",1844,1,11
4511856,1832,1843,11,"M","Tresco",1843,1,10
4511850,1833,1843,10,"M","StMarys",1843,1,10
4511837,1808,1843,35,"M","Tresco",1843,1,10
4511832,1810,1843,33,"F","StMarys",1843,1,10
4511833,1843,1843,0,"M","StMarys",1843,1,10
4511819,1761,1842,81,"M","StMarys",1842,1,9
4511796,1841,1842,1,"F","Tresco",1842,1,9
4511784,1804,1841,37,"F","StMarys",1841,1,8
4511743,1812,1840,28,"M","StMarys",1840,1,7
4511707,1804,1839,35,"F","StMarys",1839,1,6
4511702,1807,1839,32,"F","StMarys",1839,1,6
4511701,1839,1839,0,"M","StAgnes",1839,1,6
4511645,1773,1837,64,"F","StMarys",1837,1,4
4511583,1806,1836,30,"M","StMarys",1836,1,3
4511574,1830,1835,5,"M","StMarys",1835,1,2
4511515,1754,1831,77,"M",NA,1831,0,0
4511496,1818,1830,12,"M","StMarys",1830,0,0
4511434,1798,1826,28,"F","StMarys",1826,0,0
4511419,1813,1825,12,"F","StMarys",1825,0,0
4511357,1783,1822,39,"M","StMarys",1822,0,0
4514367,1720,1802,82,"M","Tresco",1802,0,0
4514380,1764,1803,39,"M",NA,1803,0,0
4514551,1757,1811,54,"M",NA,1811,0,0
4514697,1746,1825,79,"F","Tresco",1825,0,0
4514698,1746,1825,79,"F","Tresco",1825,0,0
513,1872,1917,45,NA,"Tresco",1917,1,84
598,1848,1892,44,"F","Tresco",1892,1,59
3008,1888,1972,84,"M","StMarys",1972,1,139
3172,1876,1962,86,"F","StMarys",1962,1,129
4511584,1767,1836,69,"M","StMartins",1836,1,3
4511416,1798,1825,27,"F","StMarys",1825,0,0
4514693,1825,1825,0,"F","Tresco",1825,0,0
4513598,1803,1881,78,"M","Bryher",1881,1,48
4513523,1810,1879,69,"M","StAgnes",1879,1,46
4513522,1821,1879,58,"M","Tresco",1879,1,46
4513244,1848,1874,26,"F","StMarys",1874,1,41
4513214,1801,1873,72,"M","StMarys",1873,1,40
4513157,1840,1872,32,"M","StMarys",1872,1,39
4513079,1797,1870,73,"M","Tresco",1870,1,37
4513041,1793,1869,76,"M","StAgnes",1869,1,36
4512972,1783,1867,84,"M","StAgnes",1867,1,34
4512762,1831,1863,32,"F","StMarys",1863,1,30
4512499,1830,1857,27,"M","Tresco",1857,1,24
4512429,1795,1855,60,"F","StMarys",1855,1,22
4512425,1812,1855,43,"F","Bryher",1855,1,22
4512116,1782,1849,67,"F","StMarys",1849,1,16
4511785,1820,1841,21,"M","StMarys",1841,1,8
4514511,1788,1810,22,"F","Bryher",1810,0,0
4511378,1744,1823,79,"M","StMarys",1823,0,0
4511814,1783,1842,59,"M","StAgnes",1842,1,9
4513377,1847,1875,28,"M","StMarys",1875,1,42
4512514,1777,1857,80,"F","Tresco",1857,1,24
4511454,1749,1827,78,"F","StMarys",1827,0,0
4512061,1786,1848,62,"M","Tresco",1848,1,15
4514340,1726,1801,75,"F","Tresco",1801,0,0
4514644,1759,1818,59,"F",NA,1818,0,0
4511401,1746,1824,78,"F","StMarys",1824,0,0
4514507,1793,1810,17,"M","Tresco",1810,0,0
52,1863,1929,66,"F","StMarys",1929,1,96
679,1875,1877,2,"M","StMarys",1877,1,44
691,1848,1867,19,"F","StMarys",1867,1,34
744,1809,1888,79,"F","Tresco",1888,1,55
745,1817,1891,74,"F","Tresco",1891,1,58
1700,1809,1881,72,"M","Tresco",1881,1,48
1771,1823,1860,37,"F","Tresco",1860,1,27
2404,1827,1882,55,"F","StMarys",1882,1,49
2439,1802,1881,79,"M","Tresco",1881,1,48
2454,1810,1843,33,"M","Tresco",1843,1,10
3042,1863,1886,23,"M","StMarys",1886,1,53
3050,1784,1849,65,"M","StMarys",1849,1,16
4513668,1795,1882,87,"M","StMartins",1882,1,49
4513403,1822,1876,54,"F","StMarys",1876,1,43
4513011,1797,1868,71,"F","Bryher",1868,1,35
4512886,1865,1865,0,"M","Tresco",1865,1,32
4512859,1844,1865,21,"M","StMarys",1865,1,32
4512846,1779,1865,86,"F","StAgnes",1865,1,32
4512767,1781,1863,82,"M","StMarys",1863,1,30
4512737,1772,1862,90,"M","StMarys",1862,1,29
4512595,1800,1859,59,"F","StMarys",1859,1,26
4512418,1780,1855,75,"F","StMartins",1855,1,22
4512047,1820,1847,27,"M","StMarys",1847,1,14
4512028,1822,1847,25,"F","StMarys",1847,1,14
4512020,1773,1847,74,"F","StAgnes",1847,1,14
4511956,1773,1845,72,"F","StMarys",1845,1,12
4511912,1757,1844,87,"F","StAgnes",1844,1,11
4511480,1810,1829,19,"F","StMarys",1829,0,0
4513709,1805,1883,78,"M","StMarys",1883,1,50
4512695,1781,1861,80,"M","Tresco",1861,1,28
4512666,1857,1861,4,"M","StMarys",1861,1,28
4512471,1819,1856,37,"F","StMarys",1856,1,23
1517,1866,1883,17,"F","Tresco",1883,1,50
1643,1820,1840,20,"F","Tresco",1840,1,7
2447,1840,1864,24,"F","StMarys",1864,1,31
3430,1834,1855,21,"F","StMarys",1855,1,22
4513724,1833,1883,50,"F","Bryher",1883,1,50
4512818,1791,1864,73,"F","Tresco",1864,1,31
4512465,1787,1856,69,"F","StAgnes",1856,1,23
4512407,1850,1855,5,"F","StMarys",1855,1,22
4511751,1839,1840,1,"F","Tresco",1840,1,7
69,1835,1869,34,"F","StMartins",1869,1,36
85,1799,1864,65,"F","StMartins",1864,1,31
115,1775,1838,63,"M","StMartins",1838,1,5
133,1812,1885,73,"F","StMarys",1885,1,52
151,1798,1872,74,"F","StMarys",1872,1,39
156,1848,1882,34,"M","StMarys",1882,1,49
173,1726,1808,82,"F","StMarys",1808,0,0
178,1810,1883,73,"F","StMarys",1883,1,50
287,1773,1808,35,"F","StMarys",1808,0,0
289,1783,1856,73,"M","StMarys",1856,1,23
546,1762,1830,68,"F","StMarys",1830,0,0
646,1776,1859,83,"M","StMarys",1859,1,26
653,1776,1848,72,"M","StMarys",1848,1,15
666,1784,1837,53,"M","StMarys",1837,1,4
683,1828,1872,44,"F","StMarys",1872,1,39
711,1778,1856,78,"F","StMarys",1856,1,23
718,1803,1881,78,"M","StMarys",1881,1,48
773,1795,1881,86,"M","Tresco",1881,1,48
788,1786,1873,87,"F","Tresco",1873,1,40
792,1800,1863,63,"F","Tresco",1863,1,30
794,1797,1872,75,"F","Tresco",1872,1,39
821,1774,1854,80,"M","Tresco",1854,1,21
822,1810,1871,61,"M","Tresco",1871,1,38
835,1805,1860,55,"F","Tresco",1860,1,27
865,1795,1857,62,"F","StMarys",1857,1,24
882,1808,1877,69,"F","StMartins",1877,1,44
907,1786,1866,80,"M","StMarys",1866,1,33
909,1793,1882,89,"F","StMarys",1882,1,49
923,1793,1876,83,"M","StMarys",1876,1,43
924,1833,1869,36,"M","StMarys",1869,1,36
954,1787,1869,82,"F","StMarys",1869,1,36
972,1788,1860,72,"M","StMarys",1860,1,27
984,1822,1850,28,"M","StMarys",1850,1,17
997,1801,1885,84,"M","StMartins",1885,1,52
1139,1811,1879,68,"F","StMarys",1879,1,46
1205,1810,1883,73,"F","StAgnes",1883,1,50
1214,1823,1842,19,"F","StAgnes",1842,1,9
1220,1856,1886,30,"F","StAgnes",1886,1,53
1230,1786,1846,60,"F","StAgnes",1846,1,13
1246,1814,1850,36,"F","StAgnes",1850,1,17
1261,1795,1864,69,"M","StAgnes",1864,1,31
1318,1789,1868,79,"F","StAgnes",1868,1,35
1353,1785,1846,61,"F","StAgnes",1846,1,13
1362,1847,1857,10,"M","StAgnes",1857,1,24
1364,1828,1848,20,"M","StAgnes",1848,1,15
1370,1792,1849,57,"F","StAgnes",1849,1,16
1373,1753,1838,85,"M","StAgnes",1838,1,5
1480,1767,1851,84,"M","StMartins",1851,1,18
1485,1801,1873,72,"F","StMarys",1873,1,40
1542,1828,1864,36,"F","Tresco",1864,1,31
1565,1777,1846,69,"F","Tresco",1846,1,13
1585,1773,1850,77,"F","Tresco",1850,1,17
1605,1855,1882,27,"M","StAgnes",1882,1,49
1620,1799,1861,62,"M","Tresco",1861,1,28
1641,1800,1867,67,"F","Bryher",1867,1,34
1644,1787,1848,61,"F","Tresco",1848,1,15
1652,1780,1860,80,"M","Tresco",1860,1,27
1678,1808,1882,74,"M","StMarys",1882,1,49
1695,1818,1859,41,"M","StAgnes",1859,1,26
1720,1833,1858,25,"M","StMarys",1858,1,25
1721,1811,1848,37,"F","StMarys",1848,1,15
1801,1818,1877,59,"M","Tresco",1877,1,44
1817,1777,1856,79,"F","StMarys",1856,1,23
1839,1799,1870,71,"F","StAgnes",1870,1,37
1874,1868,1880,12,"M","StAgnes",1880,1,47
1877,1807,1869,62,"M","StAgnes",1869,1,36
2090,1811,1880,69,"F","StMarys",1880,1,47
2108,1737,1823,86,"M","StMarys",1823,0,0
2110,1787,1875,88,"M","StMarys",1875,1,42
2134,1771,1863,92,"F","StMartins",1863,1,30
2192,1809,1862,53,"F","StMarys",1862,1,29
2216,1800,1870,70,"F","Tresco",1870,1,37
2262,1809,1862,53,"M","Tresco",1862,1,29
2285,1808,1881,73,"M","Tresco",1881,1,48
2286,1797,1875,78,"M","Tresco",1875,1,42
2390,1794,1848,54,"F","Tresco",1848,1,15
2396,1784,1869,85,"M","Bryher",1869,1,36
2415,1758,1822,64,"F","Tresco",1822,0,0
2426,1824,1868,44,"F","Tresco",1868,1,35
2455,1804,1836,32,"M","Tresco",1836,1,3
2463,1828,1856,28,"M","Tresco",1856,1,23
2485,1759,1840,81,"F","StMarys",1840,1,7
2487,1743,1826,83,"M","StMarys",1826,0,0
2514,1760,1826,66,"M","StMarys",1826,0,0
2533,1800,1862,62,"M","StMarys",1862,1,29
2560,1794,1855,61,"M","StMarys",1855,1,22
2590,1801,1876,75,"M","Tresco",1876,1,43
2675,1834,1871,37,"M","StMarys",1871,1,38
2676,1800,1860,60,"M","StMarys",1860,1,27
2789,1791,1867,76,"F","StMarys",1867,1,34
2799,1843,1878,35,"F","StMarys",1878,1,45
2849,1844,1848,4,"M","StMarys",1848,1,15
3000,1765,1842,77,"M","StMarys",1842,1,9
3078,1804,1875,71,"M","StMarys",1875,1,42
3155,1814,1850,36,"F","StMarys",1850,1,17
3260,1816,1880,64,"M","StMarys",1880,1,47
3295,1807,1849,42,"M","StMarys",1849,1,16
3338,1808,1879,71,"F","StMarys",1879,1,46
3367,1802,1838,36,"F","StMarys",1838,1,5
3388,1788,1842,54,"F","StMarys",1842,1,9
3431,1802,1870,68,"F","StMarys",1870,1,37
3452,1815,1852,37,"F","Bryher",1852,1,19
3508,1808,1873,65,"M","StMarys",1873,1,40
3528,1790,1861,71,"M","StMarys",1861,1,28
3541,1793,1858,65,"M","StMarys",1858,1,25
3629,1849,1883,34,"M","StMarys",1883,1,50
3635,1836,1868,32,"F","StMartins",1868,1,35
3681,1792,1865,73,"F","StMartins",1865,1,32
4513809,1855,1886,31,"F","StAgnes",1886,1,53
4513783,1802,1885,83,"M","StMarys",1885,1,52
4513766,1813,1885,72,"F","StMarys",1885,1,52
4513703,1848,1883,35,"M","StMarys",1883,1,50
4513697,1811,1883,72,"F","StMarys",1883,1,50
4513693,1809,1883,74,"F","StMarys",1883,1,50
4513685,1809,1882,73,"M","StMarys",1882,1,49
4513680,1849,1882,33,"M","StMarys",1882,1,49
4513662,1815,1882,67,"M","StMarys",1882,1,49
4513656,1794,1882,88,"F","StMarys",1882,1,49
4513648,1796,1881,85,"M","Tresco",1881,1,48
4513638,1804,1881,77,"M",NA,1881,1,48
4513635,1809,1881,72,"M","Tresco",1881,1,48
4513580,1869,1880,11,"M","StAgnes",1880,1,47
4513578,1811,1880,69,"M","StMarys",1880,1,47
4513558,1812,1880,68,"F","StMarys",1880,1,47
4513550,1809,1879,70,"F","StMarys",1879,1,46
4513549,1812,1879,67,"F","StMarys",1879,1,46
4513500,1844,1878,34,"F","StMarys",1878,1,45
4513455,1838,1877,39,"M","StMarys",1877,1,44
4513442,1818,1877,59,"F","StMartins",1877,1,44
4513427,1800,1876,76,"M","Tresco",1876,1,43
4513416,1794,1876,82,"M","StMarys",1876,1,43
4513375,1806,1875,69,"M","StMarys",1875,1,42
4513268,1798,1875,77,"M","Tresco",1875,1,42
4513259,1788,1875,87,"M","StMarys",1875,1,42
4513215,1802,1873,71,"F",NA,1873,1,40
4513204,1787,1873,86,"F","Tresco",1873,1,40
4513198,1809,1873,64,"M","StMarys",1873,1,40
4513190,1796,1872,76,"F","Tresco",1872,1,39
4513188,1829,1872,43,"F","StMarys",1872,1,39
4513181,1797,1872,75,"F","StMarys",1872,1,39
4513136,1804,1871,67,"M","Tresco",1871,1,38
4513119,1833,1871,38,"M","StMarys",1871,1,38
4513088,1798,1870,72,"F","StMarys",1870,1,37
4513076,1801,1870,69,"F","Tresco",1870,1,37
4513070,1805,1870,65,"F","StMarys",1870,1,37
4513061,1785,1869,84,"M","Bryher",1869,1,36
4513039,1806,1869,63,"M","StAgnes",1869,1,36
4513031,1836,1869,33,"F","StMartins",1869,1,36
4513030,1785,1869,84,"M","StMarys",1869,1,36
4513021,1788,1869,81,"F","StMartins",1869,1,36
4513010,1825,1868,43,"F","Tresco",1868,1,35
4512996,1837,1868,31,"F","StMartins",1868,1,35
4512992,1791,1868,77,"F","StAgnes",1868,1,35
4512961,1799,1867,68,"F","Bryher",1867,1,34
4512946,1799,1867,68,"F","StMarys",1867,1,34
4512913,1785,1866,81,"M","StMarys",1866,1,33
4512888,1791,1865,74,"F","StMartins",1865,1,32
4512840,1801,1864,63,"F","StMartins",1864,1,31
4512828,1796,1864,68,"M","StMarys",1864,1,31
4512825,1778,1864,86,"F","Tresco",1864,1,31
4512761,1795,1863,68,"F","Tresco",1863,1,30
4512754,1774,1863,89,"F","StMartins",1863,1,30
4512736,1801,1862,61,"M","StMarys",1862,1,29
4512735,1804,1862,58,"F","StMarys",1862,1,29
4512730,1810,1862,52,"M","Tresco",1862,1,29
4512696,1800,1861,61,"M","Tresco",1861,1,28
4512688,1787,1861,74,"M","StMarys",1861,1,28
4512651,1779,1860,81,"M","Tresco",1860,1,27
4512632,1807,1860,53,"F","Tresco",1860,1,27
4512630,1801,1860,59,"M","StMarys",1860,1,27
4512627,1787,1860,73,"M","StMarys",1860,1,27
4512594,1778,1859,81,"M","StMarys",1859,1,26
4512589,1819,1859,40,"M","StMarys",1859,1,26
4512537,1835,1858,23,"M","StMarys",1858,1,25
4512533,1796,1858,62,"M","StMarys",1858,1,25
4512511,1848,1857,9,"M","StAgnes",1857,1,24
4512505,1794,1857,63,"F","StMarys",1857,1,24
4512478,1782,1856,74,"M","StMarys",1856,1,23
4512458,1778,1856,78,"F","StMarys",1856,1,23
4512457,1783,1856,73,"F","StMarys",1856,1,23
4512455,1829,1856,27,"M","Tresco",1856,1,23
4512424,1793,1855,62,"M","StMarys",1855,1,22
4512380,1775,1854,79,"M","Tresco",1854,1,21
4512254,1816,1852,36,"F","Bryher",1852,1,19
4512214,1768,1851,83,"M","StMartins",1851,1,18
4512187,1823,1850,27,"M","StMartins",1850,1,17
4512185,1815,1850,35,"F","StMarys",1850,1,17
4512180,1816,1850,34,"F","StMarys",1850,1,17
4512179,1774,1850,76,"F","Tresco",1850,1,17
4512145,1797,1849,52,"F","StAgnes",1849,1,16
4512143,1809,1849,40,"M","StMarys",1849,1,16
4512090,1788,1848,60,"F","Tresco",1848,1,15
4512076,1795,1848,53,"F","Tresco",1848,1,15
4512066,1829,1848,19,"M","StAgnes",1848,1,15
4512064,1845,1848,3,"M","StMarys",1848,1,15
4512063,1777,1848,71,"M","StMarys",1848,1,15
4512058,1812,1848,36,"F","StMarys",1848,1,15
4511999,1784,1846,62,"F","StAgnes",1846,1,13
4511991,1787,1846,59,"F","Tresco",1846,1,13
4511973,1781,1846,65,"F","StMarys",1846,1,13
4511813,1822,1842,20,"F","StAgnes",1842,1,9
4511802,1767,1842,75,"M","StMarys",1842,1,9
4511794,1789,1842,53,"F","StMarys",1842,1,9
4511730,1760,1840,80,"F","StMarys",1840,1,7
4511663,1752,1838,86,"M","Tresco",1838,1,5
4511654,1773,1838,65,"M","StMartins",1838,1,5
4511651,1803,1838,35,"F","StMarys",1838,1,5
4511642,1785,1837,52,"M","StMarys",1837,1,4
4511609,1803,1836,33,"M","Tresco",1836,1,3
4511495,1772,1830,58,"F","StMarys",1830,0,0
4511428,1732,1826,94,"M","StMarys",1826,0,0
4511426,1753,1826,73,"M","StMarys",1826,0,0
4511380,1728,1823,95,"M","StMarys",1823,0,0
4514464,1723,1808,85,"F",NA,1808,0,0
4514466,1774,1808,34,"F",NA,1808,0,0
4514671,1755,1822,67,"F","Tresco",1822,0,0
4513782,1807,1885,78,"F","StMarys",1885,1,52
4513780,1801,1885,84,"F","StMarys",1885,1,52
4512794,1817,1863,46,"M","StMarys",1863,1,30
4512752,1779,1863,84,"M","StMarys",1863,1,30
4512703,1780,1861,81,"F","Tresco",1861,1,28
4512677,1769,1861,92,"F","Tresco",1861,1,28
4512655,1777,1860,83,"F","Tresco",1860,1,27
4512649,1780,1860,80,"F","Tresco",1860,1,27
4512640,1830,1860,30,"F","Tresco",1860,1,27
4512635,1810,1860,50,"F","Bryher",1860,1,27
4512611,1793,1859,66,"F","StMarys",1859,1,26
4512582,1790,1859,69,"F","StMarys",1859,1,26
4512524,1765,1857,92,"F","Tresco",1857,1,24
4512522,1799,1857,58,"F","Bryher",1857,1,24
4512332,1769,1853,84,"F","StMarys",1853,1,20
4512330,1773,1853,80,"F","StMarys",1853,1,20
4512263,1852,1852,0,"F","Bryher",1852,1,19
4512261,1826,1852,26,"F","Bryher",1852,1,19
4511662,1774,1838,64,"M","StMarys",1838,1,5
4511648,1838,1838,0,"M","StMarys",1838,1,5
4511444,1756,1827,71,"F","StMarys",1827,0,0
4511443,1800,1827,27,"F","StMarys",1827,0,0
4514459,1760,1807,47,"M","StMarys",1807,0,0
4514462,1799,1807,8,"M","StMarys",1807,0,0
4514526,1795,1811,16,"M",NA,1811,0,0
4514546,1716,1811,95,"M",NA,1811,0,0
4514594,1771,1813,42,"M",NA,1813,0,0
4514598,1813,1813,0,"M",NA,1813,0,0
4514722,1763,1830,67,"M",NA,1830,0,0
4514728,1748,1830,82,"M","Tresco",1830,0,0
1236,1884,1913,29,"M","StAgnes",1913,1,80
1238,1830,1913,83,"M","StMarys",1913,1,80
2086,1862,1907,45,"F","StMarys",1907,1,74
2088,1825,1907,82,"F","StMarys",1907,1,74
2150,1831,1912,81,"M","StMartins",1912,1,79
2151,1848,1912,64,"M","StMarys",1912,1,79
2417,1851,1922,71,"F","StMarys",1922,1,89
2424,1870,1922,52,"F","StMartins",1922,1,89
2801,1871,1954,83,"M","StMarys",1954,1,121
2802,1897,1954,57,"M","StMarys",1954,1,121
3591,1838,1891,53,"F","Tresco",1891,1,58
3592,1845,1891,46,"F","StMarys",1891,1,58
